-96083
110000
-21
220
-284
6875
-63189
220000
-10727
55000
4573
11000
459
10000
6897
20000
-89
625
-3621
10000
109
125
5797
5000
-39
1250
-537
2500
-3281
2500
-3411
10000
-1661
5000
-1699
5000
429
1000
-3157
5000
1703
2000
-703
5000
11523
27500
511
4400
659
1000
14351
10000
13307
10000
-2393
5000
3
50
4073
5000
-4389
10000
6227
10000
6571
10000
119
500
-1833
5000
-647
5000
-7959
10000
4977
10000
-41
2500
-1053
1250
-2673
2500
-587
10000
1151
2500
4801
10000
-3093
10000
1911
10000
-1559
2000
84
625
-141
625
-6939
10000
-273
500
-11593
10000
-4773
10000
-3203
10000
2743
10000
9153
10000
769
1250
77
1250
2659
5000
7819
10000
-389
500
39
5000
3149
10000
10887
10000
863
5000
871
2500
4423
10000
-919
5000
-5249
10000
-3493
10000
-1849
10000
269
1250
-381
1000
607
2000
8969
10000
668
625
7047
10000
3999
5000
227
1250
663
10000
2657
10000
2227
10000
5871
10000
-81
500
-469
5000
-3989
10000
-1607
2500
-883
10000
-851
2500
-351
2000
-4117
10000
-181
1000
869
1250
-7443
10000
-11619
10000
-1463
10000
-514
625
-7941
10000
-1063
5000
-681
10000
-4209
10000
-4499
10000
-256
625
-1857
5000
-76
125
-2151
5000
4581
10000
-961
10000
-1993
10000
1997
10000
47357
110000
19031
110000
-5657
27500
-5749
88000
-927
4400
-71227
110000
1887
2000
-11787
40000
-739
2500
-2579
10000
-9477
10000
-659
10000
-2799
5000
289
200
-2587
2500
1963
2500
-5947
10000
834
625
-3297
5000
-3831
5000
-869
5000
-4087
10000
-52031
110000
-105599
110000
-2659
10000
-4769
10000
-1349
2000
3437
5000
7243
10000
2087
10000
191
1000
343
2500
2369
10000
91
200
4091
10000
4101
5000
1199
5000
10473
10000
7551
10000
-612
625
681
625
6949
10000
-2087
5000
3171
10000
-64
625
-504
625
697
10000
-9463
5000
1049
2000
243
200
-2097
1250
29
1250
-1109
10000
14201
10000
189
5000
279
625
2951
5000
-529
10000
-2947
5000
-1557
2500
3317
5000
-222
625
-443
2500
-44
125
-33
1000
3109
10000
-1889
5000
-121
400
6811
10000
-3763
5000
-121
2500
-2207
10000
-347
5000
129
1000
301
2000
-4799
10000
-183
10000
1073
1000
-317
625
-3231
5000
127
1000
47
100
327
2000
-757
5000
121
5000
6443
10000
497
1250
-6549
10000
-2707
2500
443
1250
-627
10000
-379
5000
141
200
-5881
10000
127
250
-97
500
-9171
10000
202
125
-981
2500
13001
10000
-9869
10000
103
125
5477
5000
7
100
-11227
10000
4649
10000
6637
10000
-8287
10000
-5499
10000
5487
10000
-75837
110000
69841
110000
-127487
220000
-8809
22000
-64311
110000
-8151
10000
-11903
20000
-1567
5000
-2993
10000
611
10000
91
80
2287
2000
731
625
-3241
10000
593
500
989
1000
161
10000
381
1250
9917
10000
2829
5000
-2093
10000
2613
10000
10473
13750
937
1250
4071
10000
-1959
5000
-799
1250
429
5000
-8413
10000
171
5000
-2029
10000
4249
10000
11959
10000
7891
10000
-743
1000
4211
10000
-1323
5000
-4207
5000
-3733
10000
761
5000
11393
10000
283
2500
-931
1000
-4653
10000
-807
2000
759
5000
-1581
1250
751
5000
6871
10000
-13677
10000
5083
10000
-2703
2000
3953
10000
-4831
5000
-1
400
-2667
10000
-1271
2000
-2081
10000
357
1000
-2991
5000
3859
5000
-8831
10000
3189
5000
-1069
10000
1897
5000
997
2500
-909
10000
-6009
5000
2879
10000
-2151
2500
893
2500
-73
100
-8701
10000
1697
5000
-1933
2500
-341
400
-4887
10000
3171
10000
-4407
10000
3707
5000
-4989
5000
5711
5000
719
10000
-1773
2000
5871
5000
863
5000
-12421
10000
-1321
5000
1739
2500
2449
10000
-1119
2000
1807
10000
5513
5000
-2347
5000
-1143
2000
-121
5000
239
5000
-1747
10000
289
10000
-333
400
283
2000
6867
10000
-3339
2500
151
1000
-1491
5000
-83
250
-806
625
431
500
-3821
10000
-6383
5000
2181
2750
20587
27500
-393633
440000
-1839
2200
-4471
110000
53
110000
-6743
40000
-1433
2500
-2901
5000
-5523
10000
-789
10000
-9319
10000
627
10000
-1901
10000
-133
10000
308
625
5861
10000
6243
10000
10013
10000
1221
10000
-529
5000
-221
250
47143
110000
-36041
55000
2527
10000
-6763
5000
-5309
10000
539
10000
2459
10000
843
2500
13
10000
-143
5000
-3897
2500
2467
2500
-5239
5000
-4761
2500
-7847
10000
-1839
10000
-83
125
651
2000
989
10000
-97
400
-477
2000
279
625
8231
10000
4221
10000
6541
10000
1517
5000
-7873
10000
-10591
10000
1031
1250
6443
10000
3401
5000
-1669
10000
4631
5000
-11593
10000
-13773
10000
11593
10000
3707
5000
1421
10000
-2613
10000
3807
10000
3433
10000
-187
500
1307
5000
423
5000
83
250
-951
1250
-18801
10000
-991
1250
323
625
-11279
10000
-8249
10000
83
500
2971
2500
2181
5000
507
2500
-7683
10000
6143
10000
1259
1000
221
2000
2233
10000
1213
10000
-1171
2500
5259
10000
3021
2500
1109
2500
287
1250
821
10000
2447
5000
-767
10000
4389
10000
5551
10000
537
2500
1177
5000
17
250
-459
2500
4133
5000
-5323
10000
-659
10000
-7887
10000
-8
25
12803
10000
283
2500
-4169
10000
-2463
10000
-15643
10000
-1149
1000
-1019
5000
-2357
2000
-4709
11000
18127
110000
-350319
440000
16627
110000
2733
13750
5169
55000
367
1600
5587
10000
-367
1000
139
625
2419
5000
-1307
10000
-1439
1000
-6487
10000
-4761
10000
4457
10000
-79
5000
-4689
10000
-12959
10000
-681
2500
-953
1250
-3481
5000
11787
27500
3837
6875
-2207
10000
1239
10000
-2177
5000
-9841
10000
147
1250
-393
5000
-117
250
133
100
4109
10000
3957
10000
-4401
5000
2553
2500
-18413
10000
3153
10000
5427
10000
48717
110000
539
5000
217
625
-141
10000
11727
10000
919
2500
-51
10000
-1033
1000
-1177
5000
1357
2500
1003
2500
-15299
10000
-2019
2000
-7213
10000
6041
10000
21
5000
-4199
10000
-4237
5000
-2017
10000
3233
5000
-1529
10000
10663
10000
-729
1250
2747
5000
-123
250
-13
80
237
500
14
625
1333
1250
173
5000
2991
2500
-2913
5000
-3273
10000
-449
2000
-5471
10000
-3957
10000
889
2500
3453
10000
-2681
5000
-2143
10000
-6569
10000
1511
5000
1331
5000
1507
2000
1491
10000
328
625
3141
5000
-1567
2500
4063
10000
-11757
10000
-51
2500
3249
5000
-4061
5000
773
2000
-81
2500
-3879
10000
-363
2500
-61
2000
-819
10000
813
1000
779
2500
-331
2000
-191
10000
-1253
2500
-3083
10000
-299
1250
-2397
10000
-213
1250
3421
5000
-9039
10000
-481
2500
6059
10000
10083
10000
3843
5000
-3659
10000
-343
1000
-3427
5000
313
1250
1253
5000
13
40
3339
2500
2413
2500
-5343
10000
3243
5000
8883
10000
-1949
5000
5237
10000
-1073
2000
-333
625
-813
625
-14049
22000
5119
10000
-33
40
2143
5000
-189
625
-357
250
1137
5000
4661
10000
351
250
7323
10000
-3689
2000
-12169
10000
-581
10000
4261
10000
-41
125
293
5000
-8309
10000
19
250
-1463
2500
2163
10000
2259
10000
69
1000
-799
10000
-6383
10000
-2387
10000
2133
5000
5887
10000
-593
2500
-1893
2500
-10049
10000
-129
2000
253
2000
-1791
2000
-4553
10000
-207
10000
4937
10000
309
2500
-6199
10000
-15217
10000
-4397
10000
9069
10000
4043
10000
-5843
5000
13
5000
8047
10000
-22
125
-871
2000
2011
10000
-3869
2500
-7153
10000
-19
10000
10559
10000
-343
2500
753
5000
-6903
10000
6349
10000
3053
5000
1147
10000
-9343
10000
-703
10000
-279
1000
5679
10000
-69
500
-1709
10000
-2527
10000
-293
5000
-587
2500
13
50
799
10000
-3503
10000
-249
2000
343
5000
12473
10000
-106
125
-433
500
-16
625
-1
2500
-3383
5000
1437
2000
721
1000
-362
625
6089
10000
6067
5000
4047
5000
7
100
-599
2000
-8461
5000
443
400
-553
5000
-1819
2000
5719
10000
1139
5000
-71
100
-161
2500
81
1000
503
2500
-6001
10000
59
2500
7983
5000
-133
2000
137
5000
-5649
10000
-3627
5000
1149
2000
-4263
2500
693
2000
-41
500
-443
1250
-3701
2500
2529
10000
-7891
10000
3803
5000
-1203
2000
1179
5000
-73
500
-4271
5000
-307
10000
1579
2500
10773
10000
2151
2500
91
2500
-159
400
-6017
10000
3953
5000
351
2500
1467
5000
-10351
10000
11503
10000
1457
2500
3171
5000
2029
10000
61
125
-5021
5000
2501
10000
67
40
-1387
10000
11213
10000
687
10000
51
2000
-10793
10000
21
1250
9671
10000
-453
1000
-2623
10000
1551
5000
657
1000
-6211
5000
-4
25
-3
1000
399
1000
6541
10000
1177
2000
9893
10000
383
5000
671
2000
-453
625
-2457
10000
121
2000
-6153
10000
1577
10000
213
1000
6197
10000
-329
500
1253
10000
763
2500
-2489
5000
779
10000
459
10000
309
10000
11477
10000
-457
2000
-12057
10000
39
500
-971
5000
479
5000
-76
625
-7013
10000
6041
10000
-633
10000
1883
10000
-2701
2500
-8509
10000
-41
10000
-5299
5000
1633
5000
10551
10000
-4989
5000
8777
5000
-1
500
-717
10000
4117
10000
-2559
10000
191
5000
-4487
5000
-6191
10000
-1357
10000
7651
10000
2579
2500
213
250
-6699
10000
-3363
5000
-1
250
-2363
10000
-3919
10000
4743
10000
4913
10000
-443
5000
4229
5000
273
400
-461
500
-1149
10000
-937
10000
883
1250
10133
10000
2367
2500
5659
10000
-969
2500
-603
2000
4111
5000
133
2000
1047
1000
3387
2500
2609
2500
5199
2500
-4483
10000
-951
1250
-11027
10000
-332
625
1017
10000
-7009
5000
-429
2500
-707
5000
-403
5000
-43
80
943
2000
67
10000
71
2000
-1881
10000
-7379
10000
-4253
10000
-6573
10000
1117
1250
4881
5000
3
8
18557
10000
7953
10000
-3633
5000
-5013
2500
29
200
1046
625
-4487
10000
-10781
10000
-447
1000
-3187
10000
441
625
377
1250
-8781
5000
5103
10000
-833
5000
4557
10000
2779
10000
3791
5000
-283
2000
983
2000
-6007
10000
81
10000
-1583
10000
-7
1000
389
1250
2017
10000
-167
200
2663
10000
-1229
10000
3749
10000
2239
2500
-49
2500
-17553
10000
83
200
107
100
-3653
10000
4329
10000
8291
10000
-10503
10000
589
1250
3381
10000
603
10000
2097
5000
11
400
-2449
2500
399
625
-1621
5000
1651
1250
-89
500
9303
10000
917
5000
-1679
2500
-11643
10000
-5451
5000
-6383
10000
13071
10000
-901
10000
-5921
10000
1863
2000
8987
10000
6677
5000
2619
10000
9157
10000
-791
1000
2963
5000
-239
1000
781
1000
