3177
5000
6803
10000
5459
55000
-20837
110000
-371779
330000
-6297
27500
-3727
10000
1267
2000
-4217
10000
-4929
10000
-809
1000
-193
400
-6229
10000
-681
2000
4889
10000
97
1250
-7697
10000
-3381
10000
6081
10000
9019
10000
-1
10000
-843
1000
-443
2500
3067
10000
-3241
10000
1357
2000
-4071
5000
1797
10000
-103
1000
-2139
10000
-2823
5000
-11101
10000
24823
30000
-2949
10000
183
2000
301
5000
-2673
2000
18299
10000
1477
2000
-1729
10000
-1124
625
-10851
10000
1243
5000
-169
625
51
1000
2723
5000
1491
5000
-139
5000
-1671
10000
16513
10000
-5009
5000
2261
10000
-3
25
2973
10000
207
625
9199
10000
-9389
10000
-32
25
71
10000
903
1000
5669
5000
573
5000
-389
10000
129
2000
9899
10000
-341
625
229
2000
-1861
10000
1653
10000
561
1250
-4519
5000
224
625
9389
10000
-2379
10000
-1353
5000
-727
5000
7667
10000
793
1000
82
625
2371
10000
1451
5000
1941
2500
1371
2000
316
625
-11243
10000
-7579
10000
7697
10000
3381
10000
0
1
0
1
2797
10000
127
1000
55689
27500
6858
6875
5321
22000
-13181
13750
-1437
5000
12629
10000
-6679
10000
-129
1000
4543
5000
-1253
1250
17
250
-93
10000
-1089
10000
1969
2500
-3121
5000
-39
100
2133
2500
659
10000
8789
10000
-2503
10000
-6151
10000
4711
10000
2397
10000
-89
10000
9727
10000
-10463
10000
133
2000
-417
10000
1587
2500
5119
5000
10851
10000
-121
625
-452
625
3467
5000
-3927
10000
507
5000
3767
5000
-4639
5000
-163
625
3319
5000
511
2500
2719
5000
-477
625
227
400
-131
625
-8363
10000
2663
2500
-3477
10000
681
1000
231
2500
201
500
3033
10000
201
5000
2407
2500
-1551
10000
131
5000
-1259
2500
-14543
10000
-10047
10000
4829
10000
1501
10000
2933
10000
-3737
5000
-1519
2000
-1817
5000
1089
2500
2197
10000
48
125
-6637
10000
-14273
10000
-2151
5000
-3961
5000
467
10000
661
1250
-2767
10000
-407
1250
-2933
2500
-10279
10000
7141
10000
4557
10000
413
2000
-11
5000
-427
2500
-4573
5000
3121
5000
39
100
0
1
0
1
2871
10000
1663
5000
3083
55000
-191813
165000
175301
165000
86929
198000
-57
2500
631
5000
861
10000
-11041
10000
4361
10000
-1613
10000
-641
2000
2521
5000
-1913
5000
-3
25
-3091
10000
27
2500
-10671
10000
11001
10000
-2093
5000
-4839
5000
9
125
-3091
10000
14313
10000
-13
100
-173
125
731
2000
-4183
10000
-3883
5000
3669
10000
5673
5000
1513
15000
46879
90000
3531
5000
-517
2000
-219
2500
-859
2500
29
625
7041
10000
7849
10000
87
1000
-5897
10000
97
100
-67
1250
1599
10000
14249
10000
-271
1250
-49
10000
4713
5000
1183
5000
-157
1250
-9607
10000
-1797
10000
607
2000
-4759
10000
-159
400
857
10000
467
1000
-923
1000
2519
10000
1663
5000
-19
125
8519
10000
6607
5000
1719
5000
-2659
2500
-447
5000
3479
5000
-643
10000
-314
625
-319
625
-13681
10000
-6409
10000
1229
2500
-1347
5000
7841
5000
12543
10000
-2069
2500
-5483
10000
4741
10000
2741
10000
2903
10000
-811
2000
6549
10000
-2643
2000
2457
10000
2979
10000
5141
10000
283
1000
6297
10000
-1269
5000
-1237
10000
-99
200
-5451
10000
747
2500
5113
5000
-5897
10000
-2129
10000
981
10000
-6003
10000
3481
10000
-2517
2500
-37
200
4249
10000
1877
2000
1329
10000
4463
10000
-7011
10000
10719
10000
141
1000
27
10000
-2693
2500
-5363
5000
3369
5000
3997
10000
397
2000
-333
500
-1407
2000
224
125
-11869
10000
-307
10000
903
625
-297
500
1427
2000
-2849
10000
-1589
2000
713
5000
-1477
10000
2377
2000
-2229
5000
771
1000
1259
2500
641
5000
523
625
4353
10000
-5923
5000
-5973
10000
649
500
717
5000
-1
5000
9643
10000
-3373
5000
226
625
-4349
10000
-4871
10000
-8021
5000
-527
500
-6361
10000
-7243
10000
-72
625
1971
2500
169
2000
3937
10000
8667
10000
699
2500
-1543
10000
2701
10000
3547
10000
11413
10000
-937
10000
-967
30000
3979
10000
73
500
2097
10000
807
5000
51
80
829
10000
3581
10000
-7851
10000
-193
5000
-17
400
-4739
10000
-12411
10000
-5283
10000
6901
10000
919
1250
-777
10000
-13233
10000
4597
10000
-661
1000
277
10000
-8071
10000
393
5000
-1483
2500
-5787
10000
2139
5000
6129
5000
-4421
10000
531
625
-5167
5000
-2721
10000
-5149
5000
4967
5000
1223
5000
6713
10000
1519
5000
-13509
10000
-47
100
-15887
10000
7471
10000
2859
10000
4107
5000
2381
2000
1587
2500
4623
10000
-79
250
2409
10000
-247
500
-1707
5000
-1159
2500
4643
10000
1037
2500
6953
10000
-1817
10000
5081
10000
-5443
10000
10889
10000
3487
10000
-2609
5000
-13867
10000
2433
5000
-6243
5000
-557
1000
-799
5000
-19
125
-6107
5000
1207
5000
-419
1000
-6169
10000
18823
10000
-793
2000
-316
625
9843
10000
-583
2000
4241
10000
77
5000
-541
2500
3
8
1443
2000
-6453
10000
-1821
10000
-3093
5000
171
625
6801
10000
-3703
5000
2021
5000
2
125
-1983
5000
1667
10000
11481
10000
-1361
2000
-521
10000
-651
5000
-8211
10000
-1493
10000
3101
10000
-73
5000
-2793
5000
-19
80
-737
5000
523
5000
2119
5000
-51
500
-467
2500
2153
5000
1503
1250
-981
1000
-103
2500
3287
2500
-3709
10000
481
1000
-93
125
-499
2000
-22
125
-1263
10000
-28
625
2811
5000
1887
5000
1677
1250
79
1250
-3263
5000
8831
10000
54
125
4317
10000
28
125
3307
5000
-573
400
-64
625
63
400
4413
10000
89
2500
-477
10000
307
10000
-7577
10000
-5457
10000
-1199
10000
47
2000
-1549
10000
-2129
10000
-3827
2500
-126
625
-133
2000
3457
5000
3283
5000
9767
10000
-711
1000
-2933
10000
-803
5000
1033
5000
-227
10000
-1239
5000
-4323
10000
-1503
5000
10637
10000
1897
10000
-243
1000
-4083
10000
623
1250
-2289
10000
7801
10000
6411
10000
-2797
5000
11089
10000
317
5000
-3087
10000
-5141
10000
-283
1000
0
1
0
1
-1667
5000
1087
2500
56291
330000
1543
1875
121819
198000
-33431
90000
2973
5000
2933
10000
-1133
10000
4963
5000
3127
2500
221
400
2383
2000
10229
10000
-309
1000
-1871
5000
-7483
5000
-3011
10000
-3763
10000
-7653
10000
-259
1000
723
1250
66
125
193
400
5071
5000
23
200
-1107
5000
-757
5000
817
2500
-6231
10000
1663
1250
601
1000
539
1800
24719
18000
-5229
10000
2201
5000
-599
2000
-453
2000
1517
10000
8137
10000
-298
625
5141
10000
-3933
10000
-1343
2500
-648
625
-3683
10000
-7031
5000
-4279
5000
-4853
10000
3439
10000
1551
5000
-3801
10000
-129
2500
1869
2000
13
400
7249
10000
559
625
-2543
5000
2503
5000
-257
1250
51
80
101
625
-63
10000
-5713
10000
559
5000
10459
10000
304
625
-619
10000
1251
2500
9237
5000
-2769
2500
-10691
10000
-777
2500
2867
2500
-813
5000
5969
10000
6141
10000
-653
625
-309
10000
-1
16
13561
10000
-4673
10000
-2617
2500
3449
5000
-1137
2500
6011
10000
16
25
19
10000
207
10000
1869
2000
-1301
2000
3449
10000
-31
125
-1069
2000
-1543
10000
-4143
10000
-421
1000
-371
625
267
1250
702
625
59
200
1061
2500
-507
5000
-1361
5000
43
2500
-2017
5000
949
1250
-1027
2000
209
10000
-179
2000
929
2000
-5443
10000
-1211
2000
-10659
10000
856
625
-2637
5000
-3773
10000
-6239
10000
-3379
2500
-581
5000
-617
2000
11349
10000
-6957
10000
-4963
10000
-363
2000
16053
10000
-58
125
-891
10000
-14183
10000
3957
2500
-1051
2500
-1667
10000
323
2500
267
1250
-2493
5000
-1177
1250
-9047
10000
253
2500
-16571
10000
-4743
10000
-441
10000
-6729
10000
6603
10000
1699
2500
-1599
5000
10749
10000
131
250
-867
10000
3137
5000
1799
1250
-264
625
-5009
10000
-1691
5000
-839
10000
2389
10000
147
5000
2999
10000
-59
2500
-1351
5000
6181
10000
-754
1875
-7799
15000
-8861
10000
6579
10000
1213
5000
4681
5000
222
625
-1269
10000
-6919
10000
-13963
10000
-757
1250
77
400
-1863
2500
-2223
5000
-691
5000
-12563
10000
-2163
2500
-1523
2000
611
10000
1191
2000
-427
1000
-231
10000
639
625
-609
1250
2671
2000
-2737
5000
-6281
10000
2081
2000
-189
2500
2571
10000
11069
10000
-5371
10000
-8219
10000
12679
10000
777
10000
551
625
2301
5000
-819
625
-9661
10000
497
1250
1173
5000
14063
10000
4283
10000
1443
1250
2539
10000
-3953
5000
-1981
2000
471
500
-13157
10000
3151
10000
147
1250
323
400
21
125
383
10000
-3853
10000
5711
10000
-59
1250
-2111
5000
1827
2000
10531
10000
-4891
10000
-2013
10000
8987
10000
5367
10000
-10423
5000
-237
10000
3003
5000
11177
10000
-477
2000
1633
10000
447
2000
-51
10000
3657
5000
1113
5000
53
400
-6353
10000
-1489
2000
3313
5000
3117
5000
-9521
10000
-2683
10000
-1813
5000
-739
2000
153
500
-6261
10000
-967
1000
-33
80
-4233
5000
-591
1000
-7029
10000
-7243
10000
3161
2500
-2759
5000
-283
10000
-937
2500
-1101
2000
1711
10000
169
2500
14027
10000
-161
2500
4077
5000
5173
10000
-413
10000
-7521
10000
4499
5000
-211
5000
3349
10000
267
250
4791
2500
10133
10000
-1711
5000
651
10000
1763
5000
1629
10000
-486
625
1
4
10601
10000
-1769
5000
-2037
5000
4681
5000
668
625
567
5000
819
2500
453
2500
-5027
5000
3
2500
8681
10000
-3813
2000
13839
10000
-12293
10000
1609
2500
73
50
-79
200
249
1250
-2957
2500
353
1000
1723
2500
1227
5000
307
1250
-354
625
4089
2500
-561
625
71
2500
1077
2000
3801
5000
599
2000
193
500
-1563
1000
-3641
5000
783
2000
-1019
10000
3153
10000
-1487
10000
-7469
10000
-3259
10000
8279
10000
-3599
5000
-3853
5000
-41
2500
1509
2500
137
2500
827
10000
2743
2500
-6617
10000
4283
5000
187
625
-207
10000
-1869
2000
0
1
0
1
