-4503
10000
1389
5000
-123857
85000
163
21250
9251
34000
-11729
170000
931
1250
-151
2500
-2461
5000
-1089
5000
14147
10000
-451
1250
2737
10000
-773
1250
159
250
-2331
10000
-3959
5000
22
625
-2047
10000
-699
5000
-4827
5000
1993
1000
-3049
5000
-209
5000
14171
10000
681
5000
-6127
10000
-241
10000
-441
2000
1543
5000
69
2500
-443
2500
-1451
5000
1623
2000
9517
10000
-977
10000
1279
5000
-133
5000
1363
1250
1643
5000
-1519
5000
-8737
10000
-12121
10000
-6123
10000
12
125
-79
10000
-68
625
1541
5000
-10759
10000
-1557
10000
-4557
10000
1521
5000
10331
10000
5487
10000
-887
5000
2357
10000
439
10000
-197
5000
-849
10000
-2013
10000
-1927
5000
409
2000
1417
10000
-1647
5000
1351
10000
12637
10000
-2891
10000
17
40
1509
5000
10261
10000
-1649
5000
-4
625
2041
5000
9631
10000
851
1250
-2467
10000
287
1000
3249
10000
-159
625
1919
2500
1633
2500
6913
10000
-401
1250
-6587
10000
-1857
10000
-447
10000
3959
5000
-22
625
0
1
0
1
-2431
10000
-7071
10000
-79113
170000
-1841
42500
-5963
42500
-4137
34000
103
1250
2599
10000
2067
2000
7517
10000
-941
5000
2011
2000
387
1250
-137
2000
4489
5000
1369
2000
119
400
701
10000
861
2500
527
10000
-533
10000
-133
2000
973
10000
937
10000
1047
2000
-543
10000
3913
5000
-6411
10000
1899
10000
229
2000
-191
10000
-721
2000
-159
400
-5699
10000
-709
10000
5069
5000
-731
2000
5643
10000
719
1000
11559
10000
-581
2000
-8071
10000
-257
1250
-367
625
6723
10000
1867
2000
-1399
10000
119
500
2473
10000
449
5000
-2667
10000
-4031
10000
27
400
-10199
10000
973
2000
5461
10000
-6217
10000
-27
80
11381
10000
5517
5000
-13583
10000
-807
2000
-16193
10000
-473
1250
599
2000
-1963
2000
-2031
10000
1173
1250
9177
10000
5817
10000
-631
10000
283
2500
3031
10000
-114
625
1081
10000
-491
10000
4633
5000
179
10000
4543
5000
-2901
10000
-127
200
-39
625
-63
625
2073
5000
-6547
10000
113
5000
-119
400
-701
10000
0
1
0
1
1921
10000
1851
10000
113381
170000
-151367
170000
-4111
42500
33977
42500
-5413
10000
-3367
5000
5989
10000
-683
2000
2
625
-9977
10000
159
5000
-1339
2000
1403
5000
4991
10000
-583
5000
281
2000
-1321
5000
-1683
5000
-993
2500
829
2000
321
2000
-6361
10000
2011
2000
-829
2000
-12
25
-341
500
11327
10000
-1879
5000
-499
5000
4187
10000
9263
10000
739
1000
597
1250
2617
10000
-93
1000
6187
10000
7733
10000
-737
2500
-249
1250
511
5000
-1787
5000
-891
1000
373
10000
-148
625
1693
2000
11083
10000
-563
1250
14371
10000
5007
10000
-4949
10000
6571
10000
9489
10000
933
2500
-11611
10000
-1379
1250
1363
10000
249
1250
-2209
5000
10889
10000
1129
10000
14513
10000
-3259
5000
3471
2500
10687
10000
8717
10000
17801
10000
779
1000
-71
2000
-2333
2500
549
10000
-8589
10000
-5259
5000
831
2500
-2301
2500
1773
10000
-10883
10000
-4419
2500
-119
5000
-11207
10000
473
5000
4709
10000
1731
2500
-4727
10000
-3421
5000
583
5000
-281
2000
0
1
0
1
-1491
10000
-2487
2000
41907
85000
1463
2000
-23659
21250
1293
2000
401
5000
-1739
2000
1537
5000
-331
2500
-2721
2500
2561
2000
2479
10000
683
1000
7343
10000
-241
2500
759
2500
407
2500
8237
10000
-297
2000
-2283
10000
-12597
10000
2889
10000
-3907
2500
-10437
10000
2483
10000
2289
10000
12153
10000
6741
10000
6409
10000
-4561
5000
13163
10000
-8817
5000
13
125
341
10000
-889
1250
2193
5000
6001
10000
627
10000
-13443
10000
5449
5000
-5347
10000
449
1250
-983
5000
77
10000
5541
10000
1211
10000
543
625
-989
2500
571
625
-1051
5000
-6897
10000
447
1250
1503
10000
1373
10000
-2311
10000
17
500
3517
5000
2637
2500
1083
10000
1863
2000
5909
5000
-6377
10000
559
2000
-11817
10000
-607
1000
1787
5000
4727
10000
-6109
10000
-1303
1250
-201
500
9179
10000
7533
10000
741
2000
1997
10000
1723
5000
3749
5000
-5943
5000
281
625
-2239
5000
1737
5000
1301
10000
-431
10000
411
625
-3151
10000
6781
10000
743
5000
531
2500
-753
5000
-9
2000
-8201
5000
-429
2000
1203
10000
853
5000
5369
5000
-3373
10000
2149
10000
1307
10000
-2539
5000
-2701
5000
-323
1000
1843
10000
-4141
10000
-8511
10000
113
1000
-1753
2500
-1863
2000
-401
2500
-2473
2000
-1593
5000
-1071
2000
-14323
10000
343
1000
4219
2000
281
625
-7891
10000
43
400
441
1250
709
5000
3151
10000
-12829
10000
-3329
10000
-3311
5000
261
5000
101
625
-10787
10000
-447
625
-3337
5000
-2097
2500
1063
5000
518
625
-6761
10000
-73
10000
16247
10000
-919
2000
-1373
10000
2747
10000
171
400
5831
10000
-711
10000
351
625
-17
400
-757
10000
-619
1000
431
10000
9121
10000
-659
2000
6047
10000
-1893
2500
703
625
4029
10000
-5393
10000
83
200
-1047
10000
-651
1250
327
2500
-11011
10000
1453
10000
2837
5000
-4009
10000
-5249
5000
-4139
10000
-13631
10000
-117
250
31
200
619
625
-4089
10000
-2043
5000
-321
5000
-3013
5000
719
10000
3307
10000
1087
10000
27
500
-3721
5000
649
5000
43
80
-5043
10000
7871
10000
153
250
673
2000
-3429
10000
4937
5000
-4429
10000
1273
10000
-887
10000
6449
10000
217
400
673
2500
-1641
10000
-5761
10000
7291
5000
11213
10000
-1131
5000
-8689
10000
-3033
5000
-1059
625
207
1000
-2783
5000
-1737
2000
1081
1250
5501
10000
4477
10000
-9119
10000
1041
1250
-11017
10000
3627
2000
-4277
10000
-67
2500
2297
10000
1743
1250
-4041
10000
2033
5000
753
5000
18431
10000
3819
10000
-447
10000
-269
625
3031
10000
-2499
10000
-1339
2000
-2079
10000
-83
250
-8939
10000
-1711
5000
-9851
10000
-793
1000
739
10000
11029
10000
41
100
-329
2000
909
10000
-163
1000
-3097
5000
6897
10000
513
2500
-104
625
12687
10000
1391
2000
-433
2500
3317
2000
-323
250
3203
2500
-6757
10000
-6451
10000
49
50
-7789
10000
-599
625
9863
10000
-1741
5000
-5599
5000
-1139
2000
-10547
10000
3143
5000
1491
1000
-13437
10000
-429
1250
259
5000
14737
10000
-13181
10000
-909
2000
-67
500
727
1250
-1127
2000
93
250
-69
125
-2063
10000
1313
5000
-409
2000
-2009
10000
-13023
10000
89
125
13
400
5587
5000
769
10000
4057
10000
633
5000
-61
250
5127
5000
-437
625
899
5000
741
5000
3459
10000
3039
10000
2441
10000
-1157
2500
9781
10000
8369
10000
-317
1250
-613
2000
-5723
5000
253
200
-4161
5000
4263
10000
-966
625
-1007
1250
1781
5000
118
125
-243
625
197
500
11791
10000
5251
5000
-1201
1250
4407
5000
-1971
2500
693
2000
3819
5000
-19313
10000
-4371
10000
5343
5000
-1771
5000
21
2500
4389
5000
-553
625
6677
10000
1113
1250
-319
2500
1571
2500
839
1000
149
400
15819
10000
67
625
-733
1250
103
125
-4421
10000
-77
1250
5261
10000
-1419
10000
-4541
10000
8543
10000
-5411
5000
-7817
10000
8481
10000
-1951
10000
-17223
10000
57
50
-169
500
7583
10000
12191
10000
-1951
2000
-5209
10000
-11
50
493
1250
2163
2500
-4599
10000
-4457
10000
881
5000
-1901
1250
-7311
10000
549
2000
8263
10000
-7643
10000
171
2000
-1573
2000
-9929
10000
307
1250
349
5000
6489
5000
1501
5000
101
10000
-9567
10000
-4969
10000
4283
2500
1
5000
3689
10000
1137
10000
-9511
10000
6393
10000
-4481
10000
354
625
-7
2000
-8143
10000
-1091
10000
-5691
10000
629
1250
3057
2500
15923
10000
-15279
10000
10319
10000
-231
2500
-2471
10000
4771
10000
-721
5000
3807
10000
2157
10000
-1961
10000
6303
10000
2977
5000
-4353
5000
-5277
5000
71
100
1611
10000
-4121
10000
-1197
2500
5797
5000
-2559
5000
-3627
10000
1257
10000
5661
5000
-907
10000
2187
2000
5649
10000
-223
400
-571
1250
-1037
5000
749
2000
6843
10000
264
625
-4797
5000
-9187
10000
-3211
10000
-541
1250
3337
2500
-3211
10000
1127
2000
-14943
10000
-6879
10000
-4151
5000
-7751
5000
-1653
2000
551
10000
1681
2000
-4993
5000
18389
10000
10337
10000
14679
10000
-2087
1000
593
1000
17641
10000
12961
10000
-1971
10000
2523
5000
-7791
10000
243
5000
68
125
329
625
951
10000
-10029
10000
773
10000
11017
10000
4171
5000
-2741
10000
2713
5000
-4643
10000
121
400
-2483
10000
-1973
2000
1023
500
181
625
-3323
10000
5301
10000
367
10000
2539
5000
1207
2500
-3689
10000
1559
5000
-1467
5000
3991
5000
-1711
5000
-557
1250
-1713
1250
-687
2000
11
50
296
625
291
5000
-6327
10000
-337
10000
24
125
-10751
10000
-6719
10000
-7417
5000
2433
5000
1563
1250
-223
10000
1113
2500
-567
5000
1357
5000
-97
200
813
5000
2169
2000
5497
10000
4659
10000
-4003
5000
6621
5000
-1553
2500
1183
10000
-563
10000
12487
10000
1499
10000
-3067
10000
-963
2000
3513
5000
177
625
17
2500
9599
10000
5947
10000
-309
1250
-991
10000
2121
10000
-20407
10000
-5287
10000
-5683
10000
-477
625
-957
2000
217
625
-9213
10000
4973
10000
17261
10000
10783
10000
-1823
10000
319
1000
4881
5000
-2583
2500
2787
10000
-401
1250
2213
10000
7899
10000
7283
10000
537
10000
-5397
10000
2821
10000
3953
10000
-7241
10000
557
1000
-5301
10000
7347
10000
2599
10000
-7857
10000
332
625
-3249
5000
10791
10000
4277
10000
403
10000
8971
10000
2219
10000
-931
5000
-2057
5000
6633
5000
-2971
10000
-1301
10000
-378
625
867
2000
-107
625
-4413
10000
-2393
2000
-1833
2500
1509
10000
-12831
10000
2749
10000
3483
10000
139
400
7537
10000
-6537
5000
-2649
2500
-691
2000
1519
10000
1943
5000
-5733
10000
-593
5000
3657
10000
439
1000
-292
625
2757
2500
-1359
2500
7921
10000
289
2500
-1633
5000
-8269
10000
-4541
5000
-123
1000
3199
10000
1523
10000
623
1000
1161
10000
-1417
5000
231
400
353
1000
-6409
5000
-6001
10000
-3711
10000
-117
2500
379
500
-289
1250
4927
10000
11777
10000
504
625
-2083
2000
-4889
10000
117
250
-6457
5000
-1327
2500
-9121
10000
13
50
1
5
2597
5000
-5907
10000
-11239
10000
-1683
2500
97
10000
6509
5000
-6463
10000
-3
25
5931
5000
-11
200
8533
10000
101
2000
12831
10000
-99
2000
4539
5000
-4489
5000
-791
2000
443
5000
-117
200
-193
100
-3187
5000
-2263
10000
-1249
2500
-801
5000
-9
125
1777
10000
-12259
10000
-2219
10000
-6293
10000
-907
10000
1161
5000
-1287
1250
3037
10000
8027
5000
107
400
353
2500
2917
5000
-6637
10000
57
5000
-5239
10000
-5681
10000
272
625
-999
1000
-3311
2500
397
10000
881
2500
-343
1000
-779
10000
323
1000
1071
10000
723
1250
-1257
2000
11319
10000
-1441
5000
-3977
10000
-683
2500
627
500
811
2000
-2189
2500
-193
625
-10633
10000
16921
10000
1557
2500
4559
10000
-939
2000
11867
10000
642
625
3781
10000
179
500
1127
2000
-1
5000
2679
10000
-7561
10000
-253
5000
723
1250
463
2500
-3269
10000
353
500
-281
5000
-509
2500
1072
625
-59
250
-2063
10000
1751
2500
-9797
10000
1983
2000
1101
1250
71
250
-2879
5000
-6671
10000
262
625
-399
400
1473
5000
1351
2500
-177
2500
149
500
-7371
10000
1087
5000
-3997
5000
-2339
10000
6879
10000
-14049
10000
2421
5000
6419
5000
312
625
-1503
5000
-187
500
2351
10000
-2287
2500
831
2000
-1173
2500
-123
1250
-281
625
-3587
5000
3007
5000
-251
2000
1113
1000
5847
10000
1143
5000
-42
625
3479
10000
8817
5000
3689
10000
-1419
5000
2359
10000
56
625
-389
2000
3269
2500
-331
500
381
625
-333
1250
2519
5000
-5039
5000
-389
500
-2829
10000
3199
2000
-6139
10000
-7271
10000
-1797
5000
41
10000
271
2500
3341
5000
1333
2000
3347
5000
1847
2500
-1199
2500
-2489
10000
-9983
10000
-21
625
-3293
10000
72
125
-11989
10000
1417
2500
1457
5000
-339
400
8683
10000
-608
625
3137
5000
381
10000
3723
10000
-2361
5000
1743
5000
-12607
10000
-4147
5000
-127
625
2453
5000
1243
10000
-4377
10000
-941
1000
2837
5000
-8861
10000
-1893
10000
-213
1000
29
200
6883
10000
-416
625
-717
1250
-227
625
-6409
10000
7923
5000
233
1000
-6679
5000
507
5000
-3137
5000
1173
1250
3307
10000
-259
10000
1709
5000
-1113
2000
-163
10000
821
2500
-8673
10000
-5201
10000
1173
10000
-1097
1250
16153
10000
1581
2500
983
1000
12093
10000
57
125
-1691
2500
-459
2000
4633
10000
3657
5000
-59
2500
-1203
2500
-1429
2500
-1579
2500
-5501
10000
-79
10000
8981
10000
9907
10000
-2469
10000
-2017
2500
149
400
-1351
1000
-3113
5000
-8211
10000
10469
10000
-1089
1250
1559
2000
-217
1250
-1603
5000
1899
2500
2113
2500
-5371
10000
-7777
10000
-1943
10000
-277
5000
-18507
10000
967
2500
-5293
10000
-393
2000
-7639
10000
-729
1250
-727
2000
6107
10000
-113
10000
6313
10000
-203
1000
451
2000
3477
10000
-1661
2000
-1803
2500
5679
10000
-2719
2000
-3693
10000
-197
2500
-899
10000
601
2000
-727
2000
603
10000
3773
10000
37
80
-537
1000
1483
2500
-2397
5000
-241
2500
7731
10000
777
5000
-1423
1000
-507
1000
1723
10000
949
5000
-3769
10000
849
10000
2449
10000
-5263
10000
-161
500
20583
10000
-9413
10000
47
2500
-2517
10000
-12861
10000
379
1250
2051
10000
-1977
5000
1343
5000
1139
1000
-321
250
299
2500
-4831
10000
5091
10000
1153
10000
-1137
2500
2931
10000
-61
2500
877
1000
247
2000
-3749
5000
2733
10000
-1307
10000
-449
2500
-983
10000
-4719
10000
-423
2500
-6273
5000
3811
10000
809
2500
-79
100
-5203
10000
-3063
10000
-12499
10000
2869
10000
483
1000
-3407
5000
2541
2500
-997
1250
-3297
2500
3813
10000
-7443
10000
-1363
2000
-5157
10000
-31
1250
-2303
5000
7109
10000
3617
5000
-7077
10000
3383
10000
6521
5000
10319
10000
-47
1250
-8889
10000
3249
10000
-97
200
1133
1250
4759
5000
5763
10000
10877
10000
1393
5000
-7659
10000
561
10000
953
2000
7233
10000
821
10000
-2163
10000
989
5000
278
625
-12793
10000
-4697
5000
-69
1000
9413
10000
14551
10000
251
2000
-1217
10000
5257
5000
377
10000
-2
625
-2973
2000
-451
2500
4001
10000
-412
625
-599
10000
797
5000
39
250
-231
5000
109
1250
5471
2500
-1597
5000
5953
10000
441
2500
3439
10000
-5041
5000
-3861
5000
691
10000
207
500
-9077
10000
3537
2000
-2907
10000
-1337
10000
431
1250
-4643
10000
-13429
10000
-27
2500
827
2000
-6813
10000
1161
2500
-337
200
76
625
-747
1250
91
5000
-8041
10000
-263
2500
104
125
6449
10000
1249
10000
3163
10000
-811
5000
-101
10000
-196
625
-751
2000
183
1250
4541
10000
-8543
10000
0
1
0
1
