-943
2500
-4827
10000
70967
50000
-4151
25000
-14767
50000
5261
25000
2531
10000
5843
10000
1069
5000
899
10000
-1049
5000
4703
10000
-739
2500
81
200
-479
2000
1233
10000
147
2500
-167
1250
3071
10000
7017
10000
-371
500
-5253
10000
507
2000
-909
2000
787
1000
2687
2500
157
1000
1183
5000
3821
10000
-3751
5000
-3367
5000
-187
10000
-1651
1250
-1849
2000
19977
10000
-1597
5000
-553
2500
-7283
10000
-5009
10000
-2971
2000
2411
2500
1361
2000
-19
20
-2403
5000
-5081
10000
121
10000
1481
10000
-6563
10000
1139
5000
4331
10000
-14803
10000
-881
5000
512
625
497
2500
2151
5000
-1189
1250
-1033
1000
-3271
10000
-2697
5000
437
500
-481
1000
2347
10000
-2897
10000
307
5000
2613
10000
-49
625
841
1250
777
10000
479
2000
-1233
10000
0
1
0
1
-881
5000
1187
1250
-409
3125
-24223
50000
1477
25000
-441
25000
2349
10000
237
1000
-13651
10000
1213
1000
443
10000
3123
10000
993
10000
4059
10000
11487
10000
8013
10000
279
5000
-323
2500
5221
5000
2023
2500
2259
10000
-869
2500
-9169
10000
2121
2000
-2539
5000
3797
5000
1291
2500
4377
5000
-2297
5000
-664
625
-297
5000
511
2000
-483
5000
-879
2500
-629
10000
-867
10000
-2967
5000
2757
5000
-13
20
-11
400
7221
10000
-1561
2000
389
1250
-1501
10000
-699
2500
4471
10000
-3477
5000
4827
10000
7
200
-1241
10000
-3163
5000
111
1000
-1057
2500
-63
1250
603
10000
2853
5000
767
5000
-1029
2000
317
2000
161
1000
566
625
-2909
5000
1039
2500
-18429
10000
-421
2000
681
2000
251
500
-827
500
-2623
2000
-13889
10000
421
5000
1777
2500
-364
125
3743
10000
449
500
7491
10000
-161
500
107
250
-10921
10000
-3467
10000
-2193
10000
-2517
2000
179
2500
137
5000
153
1250
768
625
-2453
10000
107
200
3171
10000
8079
10000
3983
10000
-11853
10000
-1441
5000
-597
2000
-671
2000
1101
10000
-1019
10000
91
2500
-773
1250
2231
5000
6847
5000
-1603
2000
-313
10000
1807
10000
-227
625
379
2000
-8109
10000
-2243
5000
147
1250
6279
10000
2797
2000
497
10000
3017
2500
-1473
5000
503
5000
4941
10000
-3479
10000
-111
2000
-842
625
-1047
5000
4227
10000
477
625
2203
2500
-109
2000
-307
5000
-7167
10000
2941
5000
7
80
1903
2500
317
2500
673
1000
4581
10000
567
5000
2377
5000
1109
1000
1211
2500
5623
10000
1863
5000
429
1000
7057
10000
-1133
10000
-551
625
887
5000
-3239
5000
-247
2000
-329
5000
-5033
10000
807
10000
-12
625
4601
10000
-16713
10000
-3283
5000
211
400
8757
10000
-1909
2500
-669
5000
93
500
67
400
2861
5000
159
1000
-8791
10000
221
5000
251
1250
1017
10000
63
2500
10217
10000
-2099
10000
-1221
2000
1797
5000
-7
400
-7959
10000
-4377
10000
757
5000
-1147
5000
-197
400
1133
10000
821
2000
-341
2000
12487
10000
6533
5000
11151
10000
-9639
10000
-12637
10000
241
1000
237
5000
4359
2500
-4461
10000
347
2000
11027
10000
3041
5000
-2279
10000
369
2000
-3771
10000
17013
10000
-3979
10000
-702
625
329
2000
-2077
2500
-1369
10000
-433
1000
5209
10000
-213
500
109
125
474
625
-63
1250
-1167
2500
1143
1250
-2649
5000
-2287
10000
5427
5000
13837
10000
-1447
1250
-1581
2000
-7507
10000
173
5000
-173
10000
7041
5000
-4199
10000
-599
2500
-273
10000
-1511
2500
623
1000
-2503
2000
-501
400
-4301
5000
2097
10000
-12987
10000
1449
10000
6987
10000
297
1250
-1189
5000
193
2500
-4251
10000
597
2000
407
2500
1469
2500
-421
5000
-1777
2500
0
1
0
1
-12057
10000
-3287
2500
-19417
25000
-17863
10000
1944
3125
401
10000
-463
400
-8441
10000
-511
5000
-2403
2500
909
5000
83
500
3411
10000
7447
10000
1071
10000
6317
10000
1127
10000
709
5000
-491
625
-9213
10000
-1881
5000
-847
2000
4339
10000
229
500
-5339
5000
4951
10000
-2523
2500
-6109
10000
-259
625
-11207
10000
-2473
10000
-6871
5000
2297
2000
-1449
10000
-191
1000
-303
2500
-1219
5000
-4921
5000
-7513
10000
89
200
-47
10000
-6411
10000
-83
1250
-1487
2500
-1397
5000
173
500
1147
2500
-2289
10000
317
1250
-1113
10000
-1179
5000
5811
10000
27
2000
699
2500
-71
500
4503
10000
14367
10000
-209
625
617
625
217
10000
-1
125
527
5000
-3271
10000
2423
10000
499
2000
101
2000
513
2000
157
5000
2119
10000
-10711
10000
-1953
10000
929
2500
-7277
10000
643
1000
-168
625
43
80
6659
10000
-2403
10000
-2481
1250
-1971
5000
9
25
-3833
10000
-527
2500
108
125
-77
1000
-583
1000
-14769
10000
79
100
-1163
10000
-87
5000
-6251
10000
-629
2000
1001
2000
9541
10000
263
1000
-239
10000
833
5000
-313
625
15309
10000
59
500
517
10000
164
625
1977
5000
8661
5000
219
200
10143
10000
2871
2000
367
1250
491
10000
-7643
10000
69
400
-27
250
1863
2000
-759
2000
-3537
5000
-3977
10000
2249
10000
-207
500
-8053
10000
1147
5000
-381
250
-1641
5000
1469
2000
-2603
10000
1581
2000
1033
1000
2887
2000
-951
5000
-497
400
1277
5000
-2561
10000
-713
2500
-2219
10000
6087
10000
-2547
5000
-697
5000
271
1250
7047
10000
9051
10000
511
10000
-11167
10000
681
5000
-2011
2500
1127
10000
-807
5000
-1941
2000
14661
10000
1797
2500
2147
2000
-6127
5000
-8441
10000
-87
1000
-1629
1250
-667
10000
223
10000
1939
2500
7447
5000
8663
10000
-4367
10000
-5333
10000
6661
10000
-2321
5000
-303
2500
-4823
5000
1729
2500
209
200
-219
5000
14627
10000
-3611
10000
-2021
5000
507
500
-143
1250
148
625
-1199
1000
3659
10000
-11373
10000
9049
10000
597
5000
1713
2000
1289
2000
-2797
10000
2983
10000
219
2000
6361
5000
3773
10000
341
10000
188
625
-182
625
-423
10000
-381
10000
-761
2000
1089
2500
1313
2500
7993
10000
4333
5000
-8499
10000
-3047
10000
-2537
2000
-307
400
10923
10000
-9651
10000
-513
2000
121
625
101
1250
-3007
10000
-51
400
-14983
10000
-1451
10000
-109
400
-829
10000
-7021
5000
-69
1250
-113
625
-63
250
1269
2500
-9233
10000
91
10000
-2427
5000
5597
10000
-8129
10000
-511
5000
53
40
1287
2000
-1359
1250
-2799
5000
489
2500
2933
10000
469
2000
-47
2500
2573
5000
5803
10000
377
2500
3003
10000
2147
10000
-15347
10000
283
5000
-519
5000
4727
10000
-2689
10000
2797
5000
3
200
-591
5000
9293
10000
-561
5000
-89
125
1209
1250
593
10000
4413
5000
-2329
10000
-1829
2000
-149
5000
341
10000
2583
5000
38
125
2987
5000
1113
2500
-7153
10000
6201
10000
129
500
598
625
-193
2000
-863
2500
-651
2000
857
2000
-111
500
259
10000
-1703
5000
-1551
1250
1211
2000
-1769
5000
583
5000
-1389
5000
1081
5000
-7001
10000
7339
10000
611
10000
4503
5000
-1623
5000
631
2500
619
10000
3539
10000
-14229
10000
-1621
2500
-237
1000
-3523
5000
723
1250
-6649
10000
637
1250
281
500
3607
10000
8599
10000
-237
625
1361
5000
-1473
5000
-3549
5000
-123
625
-2553
10000
-8869
10000
269
1250
-367
2000
-2509
5000
3667
10000
169
1250
-1487
2500
-602
625
3413
5000
-19
100
-12129
10000
-9427
10000
-383
2500
-8073
10000
10437
10000
2609
2500
-461
2000
-6739
10000
-6317
5000
3673
10000
-199
5000
-671
5000
611
1000
11283
10000
4103
10000
-1639
2000
7073
10000
209
500
1943
5000
-1116
625
-9501
10000
2423
2500
2471
1250
15133
10000
-5691
5000
2319
2000
-299
1250
1837
5000
-6037
10000
-1343
10000
9837
10000
2991
5000
-9771
10000
-1867
2000
8357
10000
881
2500
-4413
10000
1259
2500
-1117
1000
-1407
1000
4293
10000
-2507
5000
1023
2000
-1429
10000
2477
2500
-1999
10000
8643
10000
4053
10000
-6461
10000
5137
10000
-641
2000
3131
2500
-397
1000
-33
1000
323
500
-251
10000
8919
10000
10649
10000
7531
10000
-369
625
1207
2000
2599
2000
-1901
10000
2317
5000
-69
125
659
1250
4033
5000
201
1000
-17329
10000
2309
2500
-3637
5000
10431
10000
3757
10000
-19
200
609
1250
-8887
10000
-4811
10000
-9597
10000
-1719
5000
-11879
10000
751
10000
-799
10000
-3181
10000
-2821
2000
4687
10000
9567
10000
2697
5000
1029
10000
897
10000
-169
1250
-2809
5000
-561
10000
-19
5000
-109
625
603
1000
2043
10000
-197
625
-1977
10000
927
5000
5843
10000
819
2000
387
2500
-807
2000
4597
5000
-753
1250
-247
1250
5361
10000
-2693
10000
-533
500
837
2500
-4109
10000
1723
10000
4917
10000
-2187
5000
-7741
10000
3
2500
-3407
2500
3183
10000
-51
125
7383
5000
5033
5000
6501
5000
2007
1250
1191
1000
1117
2500
-4267
10000
-797
1250
-29
10000
-2333
10000
4673
10000
-2101
2000
-437
10000
1001
2000
3019
10000
-1089
10000
261
500
701
1000
8281
5000
1113
10000
2411
2000
87
2500
-919
2000
-667
1250
13537
10000
433
2500
-71
1000
1137
2500
1099
2000
3567
10000
-2677
10000
-10559
10000
-5841
10000
-301
10000
-997
5000
-1389
10000
8609
10000
-2811
5000
-39
80
6817
10000
-389
2500
1451
10000
267
5000
-953
2000
49
1000
891
2500
2607
10000
-671
2500
-101
1000
1149
5000
153
2000
-4919
10000
3149
2500
2033
5000
313
1250
2331
2500
487
2500
3521
5000
591
400
-1
2500
227
1250
-1649
2500
659
5000
276
625
6021
5000
-3773
5000
3107
2500
3391
10000
-8849
10000
-3619
10000
-6017
10000
2743
10000
1737
2000
-1241
10000
6621
10000
-4523
10000
141
2000
-7
100
3713
5000
-1191
10000
-9751
10000
-1497
2500
1741
5000
-3093
5000
27
1000
1007
10000
1491
10000
-13477
10000
-1119
10000
-4481
10000
10987
10000
2919
10000
9673
10000
1733
2000
-6041
5000
-661
10000
6641
10000
2231
10000
2717
5000
-12313
10000
2231
10000
1233
1000
7043
10000
-5037
10000
-121
1000
-4089
10000
-4731
5000
-4493
5000
383
5000
9111
10000
329
1250
2629
10000
-7967
10000
4139
10000
-3281
5000
-8549
5000
2281
10000
-1057
2500
31
2000
-289
400
-181
400
-43
250
-3827
5000
439
625
741
10000
3887
10000
5409
10000
-3689
5000
4887
10000
5537
10000
393
10000
-3363
10000
-6067
10000
-2709
5000
-1717
10000
-7169
10000
23
500
389
10000
9947
10000
-6657
10000
-6859
10000
-3961
10000
-2229
5000
-21
2500
2141
10000
1289
2000
113
500
393
2000
-6293
10000
-6971
10000
71
2500
-10503
5000
-2303
10000
4331
5000
-7761
10000
-103
2000
2169
5000
383
5000
3073
10000
6661
10000
14353
10000
-7391
5000
251
10000
37
2000
1063
1250
5273
10000
4963
10000
-3821
10000
-5307
10000
401
5000
-2803
2000
973
10000
-2803
5000
-3953
5000
-689
5000
-3241
10000
-3659
5000
7011
10000
-1283
10000
-267
625
-1141
10000
-10541
10000
-4737
5000
10911
10000
61
200
303
625
9251
10000
716
625
2449
10000
917
1250
-167
2000
-3
125
8993
10000
1477
10000
-673
400
4303
10000
323
400
-1747
1250
-7
25
-6141
10000
5347
5000
-1577
10000
469
2000
5221
10000
-823
1250
2551
5000
-601
1000
-333
1250
-16851
10000
341
250
949
1000
2791
5000
103
5000
7041
10000
54
125
-469
1000
2751
10000
4391
10000
4051
10000
-1451
1000
51
200
-1671
5000
-268
625
-2683
5000
1539
5000
81
250
12157
10000
957
2500
2991
10000
-8443
10000
2689
10000
-2797
5000
0
1
0
1
