1009
10000
4291
10000
-4507
20000
11579
80000
3399
4000
21661
80000
-31643
60000
-69277
80000
-337
10000
-1891
5000
-1159
2500
2079
5000
539
5000
-5099
10000
9693
10000
-1603
5000
201
625
271
2500
-289
5000
-649
2500
1491
5000
-529
10000
20057
10000
10659
10000
10507
10000
-1439
2500
-5399
10000
-97
5000
5363
10000
3673
10000
-5409
10000
-487
625
1397
2000
10289
10000
627
1250
-603
10000
877
2500
-2957
10000
4659
10000
-171
20000
1177
5000
7543
20000
-3931
10000
-497
500
-8587
5000
1501
10000
-401
5000
-10553
10000
-877
1000
-5879
10000
-16
125
507
1250
-683
2000
3267
5000
1
1000
-6019
10000
7543
30000
-20559
20000
2169
5000
1141
10000
1221
2000
3839
10000
-6799
10000
-271
2000
214
625
-39
2000
-141
10000
3163
5000
489
1250
-5931
10000
-4053
10000
-289
10000
-353
625
1649
10000
6443
10000
122
625
-31
10000
6913
10000
61
500
-111
10000
443
2500
227
625
1291
5000
683
10000
643
5000
3171
10000
22
125
-47
125
-10973
10000
3821
10000
3139
5000
-779
2000
-1763
5000
8811
10000
921
10000
3049
10000
-2093
10000
-421
400
417
1000
15957
10000
10853
10000
293
1000
-2309
10000
4839
10000
-293
2500
-31
5000
1499
10000
-69
200
-1633
2000
-41
125
2843
5000
-3959
10000
1329
5000
-2379
2000
-6133
10000
891
2000
-4583
10000
-17
5000
-293
2000
891
10000
-169
400
-43
80
289
5000
649
2500
-1491
5000
529
10000
0
1
0
1
0
1
0
1
0
1
0
1
-102
125
5251
10000
1219
10000
-303
2000
299
5000
-2413
10000
481
1500
-12859
30000
-298
625
204
625
517
2000
-8071
10000
5003
10000
51
400
-4019
10000
5151
5000
407
1000
-491
10000
-4293
10000
839
5000
-3023
5000
1469
10000
59
400
-171
500
-433
2500
447
5000
-7031
10000
3409
5000
-11
625
-4503
10000
-12429
10000
-443
2500
-7587
10000
843
2500
3853
5000
-177
5000
873
5000
-2709
5000
-7817
20000
-18747
20000
-4471
20000
-7017
20000
-7703
10000
5609
10000
1901
2500
-5757
10000
2083
5000
-6839
10000
-7383
10000
4979
10000
2729
5000
67
125
28
125
-6873
10000
-239
1250
-201
1250
-21589
60000
-21079
60000
-8409
10000
-216
625
307
2000
-4161
5000
1141
2500
-821
2500
47
10000
749
10000
139
500
897
1250
-1899
10000
227
1250
1509
2500
-2447
5000
2339
5000
9867
10000
1029
10000
1363
2500
-17
500
-3023
2500
-2133
2500
10929
10000
9581
10000
4099
5000
-1939
5000
1079
2000
9261
10000
-3241
5000
-32
125
-147
250
811
2500
3087
10000
833
1000
993
2500
-987
10000
992
625
2903
5000
-877
2000
131
10000
-2687
5000
-6607
10000
4019
5000
1321
5000
-1279
2500
-1079
2500
4943
10000
4163
5000
-13641
10000
1859
5000
-6631
10000
6841
10000
-161
2000
83
500
-3809
10000
-3257
2500
4541
10000
-59
1250
-147
250
-6591
10000
4769
5000
-2571
10000
-333
625
409
1000
-119
250
4293
10000
-839
5000
3023
5000
-1469
10000
0
1
0
1
0
1
0
1
0
1
0
1
87
5000
-1389
10000
3829
16000
18179
80000
-9329
80000
27709
80000
146347
240000
55057
240000
6573
10000
-33
250
903
1000
2091
5000
2277
10000
619
5000
-449
2000
-10259
10000
-357
2500
1809
2000
12
625
-1417
2500
729
2500
3839
10000
-67
100
-1687
10000
-3533
10000
531
2500
5531
10000
-1001
5000
-6557
10000
-1367
2000
-7291
5000
167
625
-579
2000
-5579
10000
2043
1250
-93
400
-198
625
343
10000
1237
4000
30223
20000
20471
20000
-12041
20000
-3967
2500
-452
625
3983
5000
123
2000
3491
2000
3053
5000
-1707
2000
-5161
10000
4517
10000
15399
10000
6669
5000
-821
1000
2167
5000
-1461
10000
7037
60000
-34027
60000
-321
1250
-491
400
-1843
5000
2981
10000
3783
10000
-1493
2000
-1463
5000
603
2500
-1341
5000
13157
10000
-7171
10000
1841
1250
-237
1250
4023
10000
57
2500
-1303
10000
-2001
2500
-4433
10000
-2447
2500
-3279
10000
-5841
5000
-237
625
3751
5000
8497
10000
1131
5000
181
2000
9
1000
-157
625
-27
625
-1771
10000
-649
5000
171
2500
-12443
10000
67
400
-7187
5000
1457
10000
2491
10000
-8681
10000
-3627
10000
-703
1000
-1317
5000
401
10000
-1909
10000
3177
2500
1787
2000
-269
10000
-19351
10000
-6677
10000
2013
5000
-557
10000
697
2000
539
5000
2949
10000
-9817
10000
6931
10000
-14721
10000
299
5000
1939
10000
-2309
10000
-2767
5000
243
10000
97
400
627
5000
-957
1250
-12
625
1417
2500
-729
2500
-3839
10000
0
1
0
1
0
1
0
1
0
1
0
1
-71
500
1779
10000
-54699
80000
1557
40000
3991
16000
-5009
8000
-5609
9600
60259
120000
-141
5000
731
10000
-577
625
-202
625
-653
5000
2723
10000
793
5000
-39
80
3531
10000
-1721
2500
37
125
-293
1250
-2093
5000
-5463
10000
12651
10000
-4299
10000
-2729
10000
-4119
10000
5383
10000
467
625
91
5000
-3791
5000
1017
625
-5643
5000
-901
10000
-213
250
2449
2000
649
2500
3551
10000
-1451
5000
451
20000
2613
10000
829
4000
1717
10000
-1229
2500
1339
10000
8199
10000
-4611
10000
817
5000
4521
5000
-1479
5000
2477
5000
2211
5000
2357
10000
8161
10000
-4421
5000
-5621
10000
1449
2500
6661
12000
-13639
30000
173
2500
-1751
1250
-103
400
-22
625
-14109
10000
-107
400
8209
10000
2571
10000
427
2000
-7071
10000
483
1250
1809
1250
137
2500
1091
5000
-2031
10000
-227
500
-3589
5000
-10327
10000
10177
5000
169
2500
2421
2500
7939
10000
-167
2000
-239
1000
-407
1250
-6949
10000
2011
5000
2987
10000
1797
5000
314
625
-5691
10000
-37
1250
3763
10000
419
1250
-123
1000
-2259
5000
10503
10000
1161
1000
2161
5000
1193
2000
-6671
10000
5593
5000
-201
1000
-2731
5000
779
500
1231
2500
-1043
1250
1863
5000
-3217
10000
4417
5000
1539
2500
-637
2500
-721
2500
11469
10000
-359
500
513
1000
137
200
-83
200
-127
2500
189
10000
-3623
5000
-573
2000
-2111
10000
1021
2000
-37
125
293
1250
2093
5000
5463
10000
0
1
0
1
0
1
0
1
0
1
0
1
