-301
4000
9
4000
-279
800
11379
20000
99
500
3287
5000
-1047
2000
497
10000
2677
5000
-4121
5000
103
400
-89
5000
6817
20000
-3933
20000
1269
5000
-1281
5000
-327
10000
491
5000
-9173
10000
-15593
10000
7677
5000
403
500
-4811
5000
10359
10000
243
2000
-189
500
2853
10000
-5049
10000
1269
10000
-1281
10000
10387
10000
-5643
5000
-199
2500
-141
10000
-1997
2500
1487
5000
10087
10000
284
625
2401
2500
-6293
10000
-2343
10000
-4643
5000
-853
2000
393
2500
603
5000
81
10000
-1401
2500
107
200
-2231
10000
4911
10000
6011
10000
1767
10000
2703
5000
27
100
-8323
10000
4799
10000
-247
625
-153
1250
5229
10000
-197
1250
1479
2000
4017
5000
1611
1000
8353
10000
842
625
-399
2000
-166
625
243
1250
-1269
5000
1281
5000
0
1
0
1
1341
10000
20411
40000
7863
10000
-34257
40000
1193
10000
217
500
983
1250
-141
2500
-193
1250
-2239
10000
1419
2500
413
2500
-6003
10000
-24931
40000
-1107
2500
5297
10000
-10491
10000
-423
400
-1323
2500
12999
10000
4667
5000
8533
10000
-199
2000
-353
1000
-101
10000
-13079
10000
-1689
2500
181
250
-1107
5000
5297
20000
-363
2000
823
1250
-1087
1000
1011
1250
2529
10000
39
5000
63
250
6563
10000
-183
2000
2697
5000
-9847
10000
-5799
10000
-957
5000
3279
5000
4587
10000
-857
10000
-1139
1250
2079
2500
-381
2500
-4087
10000
-1951
10000
4119
10000
-131
1000
4981
10000
7019
10000
-541
2500
-111
5000
5831
10000
8747
5000
3547
5000
-2579
5000
-2469
2000
-2479
5000
4181
10000
13081
10000
423
10000
2331
5000
113
1000
1107
2500
-5297
10000
0
1
0
1
-3553
20000
5997
40000
431
20000
-1219
40000
-3467
10000
-348
625
7921
10000
2063
10000
-6777
10000
4427
10000
483
1000
933
10000
91
4000
-2661
40000
-2217
5000
3111
10000
-921
10000
-71
10000
-57
2000
327
1250
1139
5000
5587
10000
1507
5000
-2207
10000
2881
10000
-4179
10000
893
10000
-473
10000
-2217
10000
3111
20000
-2681
5000
8577
10000
5807
10000
5453
10000
2107
2000
8189
10000
-5527
10000
-2683
5000
-69
400
-3527
10000
-2167
5000
1821
5000
-859
10000
5621
10000
7417
10000
21
5000
-2831
10000
-2019
2500
-3079
10000
189
250
-839
1250
-341
2000
-3
100
1557
2500
-5123
5000
-229
625
-2
5
-27
1250
-3493
10000
5983
10000
191
1000
3819
10000
-5893
5000
-2373
2000
-167
500
339
625
1549
10000
-417
5000
2217
5000
-3111
10000
0
1
0
1
471
4000
-21231
40000
-14047
20000
-5759
8000
6743
10000
-7989
10000
-117
2000
364
625
473
5000
1921
10000
-681
2500
179
2500
4971
20000
39411
40000
3227
5000
-1017
10000
1961
5000
-8427
10000
-134
625
-8433
10000
21
500
-1247
2500
13249
10000
-141
625
-2897
2500
671
2500
541
1000
7453
10000
3227
10000
-1017
20000
1057
5000
-1983
5000
-5101
5000
-787
2000
903
2500
7251
10000
903
2500
731
1250
-3159
10000
11867
10000
-6129
10000
-783
2000
-7459
5000
2357
10000
2047
2500
1101
2000
-11771
10000
2211
5000
-10441
10000
-1
40
-13029
10000
-5537
10000
-4309
5000
14129
10000
-46
625
1603
1000
3211
5000
1179
1250
-537
2000
-2173
1250
5867
5000
-731
2000
439
625
451
2000
-1483
5000
-407
625
-3663
10000
-909
2000
-3227
5000
1017
10000
0
1
0
1
