-393
10000
-5917
20000
-2719
10000
4763
20000
-3207
5000
839
1250
11511
10000
7
100
317
2500
-1781
2000
-249
5000
3143
20000
0
1
0
1
987
2000
668
625
-991
2000
1439
10000
14753
10000
3369
5000
-2573
10000
59
125
3147
10000
-933
10000
-107
1250
-2897
10000
5101
10000
2637
10000
2951
10000
489
5000
-3351
10000
1053
10000
3117
10000
4439
10000
15121
10000
-2091
5000
-107
5000
2067
2500
577
1250
-6481
5000
-3703
5000
10717
10000
4899
10000
859
1000
-4619
10000
3091
10000
-731
2500
-371
1000
-1361
2000
2893
10000
891
10000
1387
10000
0
1
0
1
0
1
0
1
-1221
5000
473
2000
14
125
-27
250
-1759
2500
21
200
2541
10000
4787
10000
-1327
2500
-3477
5000
21
125
86
125
0
1
0
1
1109
2000
403
2500
1389
10000
-287
5000
-9619
10000
-2557
2500
5827
10000
5657
10000
-13
2500
-279
1000
-267
1250
387
500
1369
2500
-513
2500
-1341
5000
7413
10000
383
625
1407
10000
-501
500
10281
10000
1617
10000
7991
10000
-7457
10000
-6033
5000
1171
5000
-179
1250
661
2000
2537
2500
-4577
5000
1837
5000
-57
10000
3651
10000
-37
5000
5937
5000
-5781
10000
-899
10000
381
5000
-1849
2000
0
1
0
1
0
1
0
1
-22323
40000
7137
10000
3737
8000
2633
2500
2889
5000
2419
10000
491
500
2143
2500
6527
10000
-1023
10000
-149
1600
-6517
5000
943
4000
-337
5000
-4353
10000
-4301
5000
631
2000
1501
5000
-306
625
-1631
10000
2243
1000
-1441
2500
-953
2000
-4901
10000
-2949
10000
-411
2000
-167
10000
-7353
10000
1181
10000
811
625
677
5000
-5227
10000
4509
10000
13
125
457
10000
-9623
10000
-1927
5000
1941
10000
14923
10000
-13
10
-2079
5000
4807
10000
-373
2500
193
1000
-2201
2500
1667
2500
-1331
2000
2459
10000
10693
10000
-12169
5000
11011
10000
313
1000
-12913
20000
4879
10000
0
1
0
1
858
625
-921
1250
2979
10000
-2599
5000
-1353
2000
-14623
10000
17
200
-7889
10000
-4493
5000
4203
10000
9687
10000
2157
10000
8357
10000
-4147
10000
3777
5000
-3359
10000
-1813
2500
189
400
2591
10000
9169
10000
111
200
357
400
4951
5000
3361
5000
2561
10000
-5059
10000
3873
5000
-4263
5000
507
1250
-513
2500
-1517
5000
-2081
5000
-999
2000
-643
400
2121
2500
3391
10000
21
80
-2561
5000
-1533
10000
-7
500
-1161
10000
1177
5000
-441
10000
109
5000
382
625
4833
10000
-23
1000
268
625
-407
10000
-951
1250
-1191
5000
-3943
10000
1791
10000
-521
5000
-1169
2500
-2551
10000
-12843
10000
-13099
10000
6527
10000
6413
5000
-1233
10000
-6653
10000
7551
10000
-223
1000
8073
10000
-5969
10000
-1283
5000
307
500
-4449
5000
-461
2000
6637
10000
-551
625
-1229
2000
6111
5000
-1029
2000
-5099
10000
6403
10000
1183
5000
251
5000
-689
2500
-337
1250
12281
10000
-593
2500
1173
10000
219
1000
-839
10000
5487
5000
-6391
10000
-4147
5000
-809
10000
5439
5000
-4823
10000
-10817
10000
4191
10000
-8683
10000
10889
10000
-1533
2500
279
250
-253
500
2139
5000
-201
1000
7
125
-6569
10000
-7549
10000
-4499
10000
2767
10000
4099
10000
-841
2000
0
1
0
1
0
1
0
1
