-4233
10000
1807
10000
-7019
10000
48913
160000
4767
12500
-56137
160000
691
5000
-999
5000
3529
5000
-4871
10000
1447
10000
89
10000
-571
1250
-3193
5000
-2109
10000
1139
10000
-1499
2000
3913
5000
-191
10000
1799
2000
438
625
7803
5000
-1141
2500
-2707
10000
-3961
2500
2649
2500
2223
10000
-363
5000
7
250
115333
160000
913
2500
133
1000
7037
10000
-2927
10000
-5229
10000
-1519
10000
-2467
10000
1399
1250
-1429
5000
-9227
10000
-4193
10000
423
500
2667
10000
4707
10000
-6577
10000
479
2000
10709
10000
709
2500
-613
1000
-179
500
-2667
10000
-151
1000
-6049
10000
1873
2000
-409
1000
33
1250
269
400
-193
1000
-439
1000
3201
10000
277
2000
-2563
10000
2447
2000
279
1000
51
625
-2111
5000
3037
10000
1709
2500
-971
2500
-63
500
201
625
-193
625
-6713
10000
207
500
-1201
2500
1537
2000
-273
10000
2217
5000
-1773
5000
-6639
10000
41
400
-2947
5000
-359
2000
171
625
-79
625
1019
2000
6043
10000
-3779
2000
3011
10000
967
1250
1971
2500
-147
625
37
500
1743
10000
-2007
2000
9017
10000
3047
5000
-4427
5000
-179
250
-9
16
3409
10000
1473
2500
1597
10000
-409
5000
-339
1250
71
1250
539
1250
-479
10000
-557
10000
6027
5000
1573
1000
9
80
-5277
5000
1359
2000
1529
10000
-3751
10000
-4771
10000
-751
5000
-3309
10000
-5541
10000
-1279
2500
-111
500
11301
10000
191
500
2577
10000
-12533
10000
-989
10000
20637
40000
-10143
10000
-1271
2500
81
250
-1711
5000
-603
1250
-1589
1250
-1031
5000
-616
625
-4667
10000
5741
10000
29
400
-691
5000
-4157
5000
-4263
5000
-949
2500
-37
125
-3209
2500
14
625
-1659
10000
-4143
10000
-6223
5000
17
100
-4319
10000
-4371
10000
2691
5000
-3481
10000
1667
10000
8647
10000
-4327
5000
15439
10000
1039
10000
16501
10000
-1289
2500
-13483
10000
-7251
10000
-351
10000
-537
2000
663
500
302
625
-10737
10000
-893
5000
1019
10000
-1953
5000
-2213
2000
-507
2500
1909
5000
4159
10000
-9321
10000
-697
2500
-6719
10000
3327
5000
-3871
10000
479
1250
117
1000
-3247
10000
-703
1250
-343
5000
-101
500
3901
10000
-1351
10000
6983
10000
-2251
5000
1423
1250
3683
10000
149
2000
-8027
10000
161
2000
-2421
5000
3181
5000
1881
10000
-2073
10000
-23
1250
-271
10000
-13
400
-2197
2500
2191
5000
1743
5000
-15513
10000
1209
1250
993
2000
1219
2500
693
625
537
2000
-2567
10000
-401
2500
-463
1250
-10091
10000
823
625
-291
2500
-9363
10000
-677
1250
-3931
5000
167
100
7571
10000
-3003
5000
257
10000
227
200
3477
10000
763
10000
-7277
10000
289
1250
863
10000
-5467
10000
-2003
10000
1441
2500
-2257
10000
5993
10000
121
10000
-201
625
193
625
0
1
0
1
857
5000
-4149
5000
-831
20000
3649
4000
-7999
100000
-109417
100000
-11
1250
1949
10000
-3
16
-2503
2000
38
625
23
250
-271
2500
13
625
-1879
5000
2873
5000
-467
2500
-97
625
4537
10000
-243
250
2763
10000
13621
10000
-1973
5000
-731
2500
-4661
10000
1267
2500
711
2000
83
2500
20163
20000
-5317
20000
1089
1250
72
125
-10293
10000
1467
10000
-1891
10000
-4179
10000
-6741
5000
-3009
10000
-8229
10000
2777
10000
-1741
2500
2727
5000
0
1
549
2000
-8123
10000
-307
5000
-207
200
487
625
-4419
10000
-2719
5000
-1261
2000
-6311
10000
2983
5000
6177
10000
19
1250
-6673
10000
-13923
10000
2323
2500
-3907
5000
553
1250
1707
5000
853
2500
-196
125
-1327
2000
-1709
2500
-7191
5000
-2297
5000
736
625
-4583
10000
-379
2500
119
2500
1229
10000
-3873
10000
9189
10000
-16019
10000
-1509
1250
233
5000
-2099
10000
523
1000
-2107
2500
-1853
10000
-67
1000
6427
5000
-6203
10000
39
25
-10441
10000
-511
1000
57
2000
209
500
-2449
2500
469
5000
-9269
10000
-989
10000
-21
625
6193
10000
119
400
-4023
5000
-1069
2500
-5041
5000
1763
2500
-183
5000
-549
1000
-3597
10000
-131
5000
-1659
5000
-9343
10000
2083
5000
-553
2000
-61
1250
-3283
10000
-1613
2500
-627
10000
-499
2500
1599
5000
-2439
10000
116
125
5961
10000
-529
2500
-473
1250
3561
5000
-637
5000
-489
625
-9447
10000
11951
10000
2923
5000
-781
2000
1531
2000
57
10000
-5181
5000
1739
2500
-37
625
2591
5000
-611
5000
11787
10000
-3573
10000
333
2000
339
500
1501
5000
3897
5000
-3539
5000
-533
2000
11549
10000
1999
10000
-537
2500
-1567
1250
-41
200
3139
5000
-8709
10000
-4499
2500
1317
10000
-821
10000
1449
2000
2023
1000
-609
5000
1391
5000
4041
10000
-573
2000
-1819
2000
647
2500
-13077
10000
-4213
5000
-181
2500
781
10000
15903
10000
2217
10000
134
125
-3427
10000
-407
500
3527
5000
3531
10000
-549
400
-9039
10000
338
625
2309
10000
1101
10000
9303
10000
-1433
2500
3827
5000
-499
5000
177
200
79
250
-17
1250
-1677
2000
-249
2000
12929
10000
4993
10000
3827
5000
-12107
10000
-483
5000
2379
10000
-603
10000
289
1250
-12187
10000
-1241
5000
-429
1250
-6963
10000
-7497
10000
-701
2000
-181
1250
269
2000
-1899
10000
241
500
-6067
10000
12931
10000
-1181
10000
-2313
2000
8747
10000
-1239
1000
-1111
10000
-3993
10000
3853
10000
-309
1250
227
1250
451
2000
-6563
10000
1121
2000
-8123
10000
-4707
10000
3961
5000
581
10000
319
625
132
125
-4367
5000
6583
10000
-1803
2500
4723
10000
547
2500
113
80
2583
5000
-1529
10000
2939
10000
-1207
2500
991
2500
-1843
5000
8341
10000
-423
1000
-119
2500
-1229
10000
0
1
0
1
-981
1250
-2623
5000
-47709
32000
21763
80000
-1149427
800000
-238223
400000
-1643
2000
-5179
10000
341
400
-1627
5000
-1747
10000
82
125
2683
2500
2049
5000
-571
2500
199
1000
53
1250
3531
10000
-6987
5000
-14003
10000
-397
10000
399
2000
-351
1000
-3
2500
47
80
-29
250
-631
5000
9309
10000
56907
160000
101663
80000
683
5000
3
5
1471
10000
-103
1250
-657
2500
-9201
10000
7701
10000
-9987
10000
-361
2500
-347
2500
239
2500
547
1250
2597
2500
-5383
5000
-2657
10000
-31
100
889
5000
-3347
5000
-413
625
-247
1250
4659
2500
9509
10000
4049
5000
15693
10000
3417
10000
2631
10000
1537
10000
-22
125
-39
250
-1311
5000
13
80
117
200
1451
2500
1423
5000
6403
10000
6783
10000
533
5000
207
5000
3577
10000
137
2000
-641
1250
-1841
10000
-227
400
13901
10000
261
500
-1371
2000
4539
10000
5401
5000
1783
2000
-431
1250
-547
5000
-4991
5000
-1953
10000
-6689
2500
-5823
10000
-383
2000
1297
5000
-1138
625
101
2500
-3071
5000
-61
5000
-2959
5000
-1271
5000
-1853
5000
2889
5000
4953
10000
-191
1000
-1051
2500
-801
2000
-837
10000
301
2500
-4383
10000
603
5000
2079
5000
81
2500
-387
2500
-8111
10000
-3103
5000
-761
5000
-477
1250
5029
10000
-2831
2500
8943
10000
401
5000
4527
5000
6789
10000
-5147
5000
-4939
5000
6287
10000
3379
5000
-7
20
-2051
1250
-173
10000
1323
2500
-5013
5000
-1923
5000
20479
40000
9359
20000
4559
5000
4527
10000
-2343
10000
463
1000
239
625
-1153
5000
-1001
1000
-3653
10000
2817
5000
329
10000
4919
10000
-2183
10000
87
10000
-59
10000
-457
1250
819
5000
6443
10000
5033
10000
-6147
10000
-1941
2000
8067
10000
3883
10000
-5149
10000
-2187
2000
1563
10000
-1477
2000
4611
5000
-11
5000
-804
625
-4963
10000
9557
10000
-2649
10000
-743
10000
-1359
5000
-22
625
5433
10000
-8043
10000
329
625
459
625
-181
10000
1809
10000
4951
10000
-1871
2500
1273
2000
3953
5000
2797
2500
-503
10000
-3123
10000
-7309
10000
-7257
10000
-7309
10000
-383
10000
31
625
-811
5000
851
2000
-3
50
767
5000
39
5000
7071
10000
-4927
10000
6289
10000
7613
10000
2389
10000
601
1250
-633
2500
-12469
10000
-477
2000
-1643
5000
33
250
-1167
2500
-5139
10000
2049
5000
-829
5000
1321
5000
-529
10000
821
10000
-2899
5000
-1279
2000
-477
625
1253
1250
-273
10000
-2729
10000
343
1250
297
2500
5267
10000
-7353
10000
-87
5000
2713
5000
-117
100
-2923
10000
1671
5000
4021
10000
2609
10000
1083
2500
11037
10000
-301
2000
57
10000
2401
2000
-2653
10000
-2933
10000
-1567
5000
-2103
10000
-3783
10000
4139
5000
-79
200
367
5000
-1293
10000
-107
400
641
1250
1841
10000
0
1
0
1
