19297
20000
-449
4000
-19683
20000
-20551
20000
-427
500
3277
10000
2789
5000
1731
2000
-15037
20000
22309
20000
-8733
10000
2937
5000
461
5000
2943
10000
7009
10000
-1433
5000
4447
10000
641
5000
-971
2500
9979
10000
1831
2000
293
2000
2251
1250
-117
250
-827
2500
-6647
10000
-1159
5000
-1027
10000
4787
10000
751
2500
679
5000
7473
10000
-2457
5000
-3097
5000
-1767
5000
211
625
-229
500
-4043
5000
11769
10000
-1437
5000
0
1
0
1
3719
10000
12983
10000
3787
10000
2253
2500
-2993
2000
3137
5000
-1111
10000
-163
1250
3709
5000
997
2500
-6049
5000
1019
2500
437
2500
77
2500
-3501
10000
7479
10000
-2069
10000
-2593
5000
-327
10000
-1379
10000
2661
5000
2117
2500
-13643
10000
1947
2000
1327
1250
-1661
5000
-1037
10000
1407
5000
-1899
5000
1479
2500
-2111
2000
8171
10000
-2611
10000
267
400
149
2500
-7197
5000
8329
10000
-6461
10000
-2297
2500
-2663
2000
1709
2000
607
500
-189
2000
-12809
10000
-3
2000
1789
5000
-397
400
6979
10000
-7871
10000
-13621
10000
2259
5000
-3581
10000
877
2000
-2719
10000
3409
5000
6459
10000
-6937
10000
259
200
-2589
10000
-7821
10000
-777
10000
2083
5000
49
200
-973
5000
-759
2500
-3
10
0
1
0
1
0
1
0
1
-2857
8000
11581
20000
9683
40000
5589
20000
1697
2000
-1241
2000
-113
400
-8441
5000
-20291
40000
-10779
20000
5533
20000
143
1250
1479
5000
-2273
10000
1207
5000
1027
5000
-1609
5000
1149
5000
-3273
5000
-567
10000
-10061
10000
7797
10000
263
10000
-4119
5000
2399
10000
-1061
1250
939
10000
273
5000
-441
1000
2921
5000
15293
10000
-5089
5000
2357
10000
-1427
2500
3597
2000
-277
5000
5833
10000
-243
2500
1777
20000
214
625
0
1
0
1
-4631
10000
6507
10000
-5537
10000
647
1000
-6907
10000
-6
125
5023
10000
447
1250
691
10000
-11
50
923
2000
-8483
5000
-871
10000
1341
5000
5087
10000
-2453
10000
2519
2000
911
10000
-6017
5000
1829
5000
-3143
5000
1
10
-13829
10000
1411
10000
4567
5000
-4101
10000
-2097
10000
-2977
5000
4281
10000
238
625
2597
10000
-3771
10000
6141
10000
286
625
-4457
5000
1527
10000
-2843
10000
221
1000
139
10000
6347
10000
4291
5000
-2909
10000
7171
10000
-2483
5000
1753
5000
-263
10000
-22
125
3203
10000
4533
10000
1007
5000
-7571
10000
-9399
10000
-2723
10000
3
125
521
1000
499
10000
-261
400
6811
10000
183
500
17
16
1621
2500
-477
10000
2811
10000
571
10000
-731
2000
-571
1250
0
1
0
1
0
1
0
1
