25309
40000
3571
40000
-3427
8000
8059
40000
1411
10000
1207
1000
-479
2500
-2363
10000
-5557
5000
963
2000
699
2500
1447
5000
357
500
-61
10000
59
100
-2819
10000
3
1250
3451
10000
-43037
40000
11353
40000
-2527
10000
-1233
2000
6233
10000
793
10000
-9131
10000
-1947
10000
-1497
2000
-6171
10000
1179
5000
-4429
10000
-71
2000
10919
10000
-59
10000
4157
10000
1969
5000
91
2500
-3763
10000
-2903
10000
913
2500
-889
2500
2527
20000
1233
4000
-6073
10000
5539
10000
-17007
10000
859
2500
-1751
10000
-11251
10000
-1937
10000
-2183
5000
12977
10000
-4879
10000
-249
400
-3067
10000
849
10000
1019
2000
1773
5000
1623
5000
-1863
10000
1973
10000
-1193
10000
-2021
2500
2533
10000
-283
1250
3133
5000
4107
10000
53
250
-5951
10000
-2837
10000
727
2500
4807
10000
-681
2500
2973
10000
-1637
2500
-9921
10000
723
625
-1649
1250
9819
10000
11
20
229
10000
-5607
5000
-937
10000
10883
10000
-1109
10000
6873
10000
-8001
5000
1203
2500
3269
5000
-3279
10000
7223
10000
-1209
2500
1427
2500
1151
5000
433
625
-6753
5000
-798
625
157
400
-1187
5000
4979
10000
-283
10000
-463
2000
-453
2000
3409
10000
-2559
2500
7673
10000
-941
5000
153
2000
7507
10000
413
10000
-3
5000
-2087
5000
129
400
-2717
5000
-7983
10000
-267
250
209
2000
853
1000
929
5000
41
500
63
5000
-287
2500
251
2500
69
125
-2223
10000
-29
2500
-1859
5000
277
625
-3731
10000
2527
10000
1233
2000
0
1
0
1
8011
40000
-3627
20000
-593
8000
-607
4000
-5003
10000
6793
5000
-927
2500
-4721
10000
-3243
10000
-15021
10000
319
625
1123
10000
1279
5000
-2037
5000
-683
1000
-5101
10000
4651
10000
409
625
-17423
40000
-2463
20000
467
10000
3239
5000
-2989
5000
363
1000
-699
500
73
500
-2563
10000
1929
2500
711
2500
179
1000
-4039
10000
-3311
10000
9833
10000
-19483
10000
-163
2500
1641
5000
3401
10000
149
2000
429
5000
3137
10000
-467
20000
-3239
10000
239
10000
-4401
10000
-2873
5000
-10157
10000
4393
5000
-1549
2500
-4389
10000
-273
2500
1183
2500
491
625
889
2000
539
1000
2093
2000
1423
1250
2213
10000
-2647
10000
1037
2500
-336
625
-1547
10000
1179
5000
3211
2500
-7569
10000
16097
10000
-6073
10000
589
1000
3849
5000
1989
2500
-14519
10000
189
10000
-1399
1250
461
5000
791
1250
351
10000
-2829
5000
-10293
10000
-2289
2500
1079
2500
447
1000
-5579
10000
57
100
1857
5000
-7491
10000
747
1000
-5227
5000
1747
5000
1971
10000
-6081
10000
-12841
10000
-461
2000
4309
10000
29
625
131
10000
-1343
10000
14649
10000
526
625
3073
10000
-587
2000
-347
400
73
250
5167
10000
56
625
819
10000
873
5000
67
1250
2081
10000
6319
10000
-2121
10000
-4081
5000
7711
10000
-1333
1000
-4981
10000
843
1250
-79
1250
6827
10000
-141
1000
-266
625
3579
10000
1401
2500
7797
10000
7111
10000
6399
5000
-1163
2500
-4291
5000
-2269
5000
2353
10000
609
2000
-467
10000
-3239
5000
0
1
0
1
333
20000
-581
2000
6897
20000
-3413
10000
1891
10000
359
5000
296
625
-1593
5000
331
1000
-8187
10000
477
5000
939
2500
-2881
2500
13953
10000
-4621
10000
4857
5000
9357
10000
1881
5000
-5163
20000
5813
10000
1499
5000
-1
2500
-43
500
-93
200
-459
5000
-71
2000
-1279
2500
-4863
5000
-8559
10000
67
1250
-711
1250
-869
5000
-13867
10000
-2657
5000
-907
2500
193
1000
-283
1250
93
400
-2699
10000
853
2500
-1499
10000
1
5000
-3433
10000
-9327
10000
-1401
2500
227
250
9061
10000
7723
10000
-5183
10000
2483
10000
-447
5000
1789
10000
-783
5000
-4241
10000
-2167
2500
-357
400
-263
5000
-129
5000
-1443
10000
-8753
10000
533
2500
6821
10000
-1397
2500
1703
10000
2849
10000
1589
1250
-6921
10000
-551
2000
13013
10000
-2193
2500
-803
1250
2801
5000
-2341
5000
113
10000
3889
10000
-5349
5000
7949
10000
-487
500
607
5000
4533
2500
-331
2500
-999
625
3683
10000
-4069
5000
-1099
2500
-547
2000
-2327
10000
4841
10000
7341
10000
-277
2500
-1253
2500
6887
10000
-339
2000
121
10000
-527
5000
-2961
5000
1907
2500
-1473
5000
63
1000
-5479
5000
-13
100
-2681
2000
7009
5000
6359
10000
496
625
1479
10000
3457
5000
-1839
5000
1993
2500
7617
10000
1307
10000
10661
10000
6171
10000
2059
10000
919
10000
-357
10000
991
1250
1387
5000
-1351
2000
2473
10000
-5459
5000
-151
625
-2737
5000
-1031
1250
-5789
10000
-9669
10000
483
2000
-727
2500
-1499
5000
1
2500
0
1
0
1
329
2000
-1759
10000
3331
10000
4759
10000
13477
10000
-14819
10000
-3189
5000
289
250
1049
2500
247
2000
-913
1250
-49
200
1919
10000
-15049
10000
337
625
5993
10000
3709
5000
-14183
10000
-239
10000
1637
10000
-1017
2500
627
2500
-369
10000
-533
1250
467
10000
421
625
-2783
10000
10617
10000
1337
10000
-131
1250
-7879
10000
-263
10000
-9939
10000
529
2500
-829
2500
-4639
10000
1933
5000
4753
10000
-1087
2500
-1033
2500
1017
5000
-627
5000
293
2500
41
5000
-639
2500
-1209
2500
2823
5000
-3121
5000
12609
5000
-3631
10000
-4829
5000
-5669
5000
2049
10000
1257
2000
-3377
2500
-1899
10000
-12927
10000
-317
1250
-139
10000
7619
5000
-413
10000
2889
2500
-4257
10000
-521
625
-11491
10000
-3673
5000
-409
1250
-101
250
-3991
10000
-7603
10000
2903
10000
-1057
10000
1379
2500
-4643
10000
-2977
5000
-3507
10000
1677
5000
-4627
5000
-419
500
-3603
10000
161
1000
1239
2000
27
1000
-6789
10000
-1279
2000
-2297
2500
-1091
2500
-249
200
291
625
-3337
2500
3201
5000
2047
10000
313
5000
1007
2500
46
625
-1139
5000
-1811
1250
10483
10000
2097
2000
1099
10000
-4261
10000
369
1250
83
2000
723
2000
-1933
10000
4829
10000
2387
10000
-142
625
-8259
10000
3399
2500
-3949
10000
-347
500
1999
10000
-857
2000
81
200
7367
10000
-23
125
3193
10000
-137
250
-1419
2500
-3329
10000
871
10000
-3467
5000
9803
5000
1131
5000
6887
10000
-703
5000
61
5000
1017
2500
-627
2500
0
1
0
1
15577
40000
-17237
40000
-1699
8000
24827
40000
8061
10000
-5673
5000
-7313
10000
-7
1000
-819
10000
-831
2000
-739
1000
-6497
10000
14747
10000
248
625
3889
10000
-213
250
-7159
10000
-1149
2000
-18521
40000
27133
40000
-4211
10000
2447
10000
-43
250
107
500
631
5000
-3521
5000
173
400
86
125
1057
5000
-987
10000
2241
5000
4321
5000
11231
10000
-236
625
-1139
5000
737
2500
9517
10000
861
10000
1071
10000
-1119
2000
4211
20000
-2447
20000
-789
1000
-3023
10000
2177
2500
-1143
10000
41
1000
-601
2000
337
5000
7167
10000
-117
1000
809
2000
-6261
10000
-5503
10000
2353
5000
6121
10000
-43
400
101
100
6911
10000
3259
5000
-4167
10000
-1363
2000
237
500
-247
1250
2321
2500
9647
10000
2071
5000
-2833
10000
-541
1000
2797
10000
-103
1250
-2387
2500
-3063
5000
-2033
10000
-727
5000
-5461
10000
-1397
2000
-1777
2000
14517
10000
63
2500
2257
5000
1143
10000
-3803
5000
-5677
10000
291
5000
-1839
10000
89
10000
-4541
5000
-533
10000
-703
1250
113
500
3283
10000
-3987
10000
1541
5000
3889
5000
6649
10000
-67
1000
397
2000
-686
625
-39
125
627
10000
-861
1000
1189
5000
7309
10000
1031
2500
-4197
10000
1749
2000
9097
10000
133
10000
699
2000
3291
10000
-8761
10000
337
10000
821
500
89
100
5
8
-1349
2500
563
1250
4807
10000
-111
1000
3527
10000
5811
10000
291
2500
7241
10000
-621
5000
-311
1000
46
625
-1237
5000
4211
10000
-2447
10000
0
1
0
1
-12211
20000
-5863
40000
199
20000
4493
8000
887
2500
-587
1000
1389
10000
-9623
10000
3453
10000
381
10000
-2797
2500
-993
5000
861
5000
-327
500
-1087
2000
3029
2500
-12359
10000
-1311
1250
707
800
19871
40000
2249
5000
-543
2000
-4427
10000
-551
1250
-1183
2000
239
1250
2339
2500
-1859
2000
2101
2500
-551
2500
19
500
-9913
10000
-733
2500
-4967
10000
10301
10000
6171
10000
-2483
5000
3687
10000
41
400
-1259
2000
-2249
10000
543
4000
2973
10000
12661
10000
1841
2000
-3983
10000
1109
5000
1219
2500
-849
10000
-9637
10000
-1871
2000
2027
10000
21
2500
-1357
10000
19
100
8733
10000
4901
10000
1253
2500
4631
10000
-2091
5000
-4527
10000
-1199
2000
831
2000
-4431
5000
5957
5000
5503
10000
69
10000
-1503
10000
3
50
-97
1250
-2661
10000
-511
5000
-69
400
189
5000
-11687
10000
-68
125
6057
10000
-839
1250
-1507
2500
4327
10000
-4777
10000
4591
5000
-67
500
-149
1250
1907
10000
7747
5000
-5621
5000
223
10000
949
10000
-473
5000
-17
400
3677
5000
-1959
5000
-439
2000
6993
5000
5053
10000
-4407
10000
-6359
10000
1929
5000
-7557
10000
947
2000
-221
2000
-401
2000
217
10000
1343
2000
-3273
10000
-139
5000
-82
625
1403
2000
-41
250
6287
10000
3099
10000
1181
10000
5823
10000
-2657
10000
-457
2500
2629
10000
-1441
2500
97
2500
377
1000
-1257
2500
-289
1000
-121
1000
-87
500
-3293
5000
15279
10000
-683
2500
-1751
5000
-2249
5000
543
2000
0
1
0
1
