1793
6000
1153
2500
-12941
30000
-2729
10000
6057
10000
1909
5000
-1827
10000
401
1000
2653
5000
-109
10000
-2359
2000
-599
625
-6977
15000
-409
625
0
1
0
1
0
1
0
1
7
8
2181
5000
1397
2000
6647
10000
3987
10000
169
5000
2679
5000
2853
10000
321
250
449
1250
929
2000
3399
10000
-497
7500
-67
500
497
5000
201
1000
351
2000
201
1000
1559
1250
9149
10000
-2173
10000
-101
5000
1197
10000
1621
2500
1981
5000
-2127
10000
9071
10000
9121
10000
4007
10000
531
625
-3181
10000
-2723
10000
3723
2500
-7401
10000
-199
400
-2953
10000
-1277
5000
-1867
10000
289
500
5503
10000
-149
2000
1551
5000
8681
10000
-7399
10000
-13791
10000
-1393
10000
2937
10000
-14327
10000
2629
10000
-4169
10000
12983
10000
939
10000
-384
625
-17381
10000
-339
1250
6341
10000
1459
10000
17
400
9439
10000
9941
10000
1663
10000
483
2500
0
1
0
1
0
1
0
1
0
1
0
1
0
1
0
1
0
1
0
1
463
10000
-1879
2500
-669
10000
28
125
829
5000
103
2000
2181
2000
387
10000
-1679
2500
3641
5000
2163
5000
-289
500
27
1000
601
2500
0
1
0
1
0
1
0
1
361
5000
-2801
10000
-3641
10000
-1443
2500
-1987
10000
187
500
-3147
5000
-4693
5000
827
2500
-5371
10000
121
1250
-5397
10000
-299
5000
3157
5000
897
10000
-9471
10000
303
400
4931
5000
3617
10000
-6943
10000
-134
625
-8331
10000
-2717
2500
1041
10000
433
1000
-1743
5000
7033
10000
4897
10000
-663
10000
-1857
2500
269
500
-567
5000
1403
2000
-1259
5000
4877
10000
-463
5000
-1059
5000
4347
5000
-4287
10000
3291
10000
871
1250
101
625
-13669
10000
227
1000
-281
500
241
500
1851
5000
-1647
2000
-1403
2000
-6913
10000
-967
2000
1353
5000
13797
10000
1337
5000
1
1250
-331
500
117
400
-2339
10000
1593
1250
3631
10000
-733
10000
639
1250
0
1
0
1
0
1
0
1
0
1
0
1
0
1
0
1
0
1
0
1
1114
1875
-527
1250
-601
15000
-3863
10000
1569
10000
971
1250
-6201
5000
269
1250
-297
5000
4871
5000
6943
10000
374
625
-241
750
-407
2500
0
1
0
1
0
1
0
1
-1761
2000
423
1000
-1569
10000
9993
10000
-8657
10000
-109
400
2091
10000
1303
5000
719
10000
4699
10000
321
1250
337
2500
-3251
7500
503
1000
3251
5000
-1509
2000
1063
5000
4513
5000
-7039
10000
-331
2500
1421
10000
6881
10000
-1181
2000
-228
625
-1219
10000
7897
5000
2927
5000
3469
5000
-301
2500
-3811
5000
-1269
2500
597
1000
-3363
10000
-217
2000
2647
5000
-599
2500
4949
10000
-101
1250
-989
500
63
500
1311
2500
-241
10000
-10501
10000
6031
10000
-3821
5000
-4661
5000
2679
2500
3667
10000
-3943
5000
6137
5000
-8211
10000
7727
10000
-6073
10000
-619
1250
-2351
10000
-709
10000
2257
5000
13
100
-597
2000
4219
10000
-341
1250
1461
2500
0
1
0
1
0
1
0
1
0
1
0
1
0
1
0
1
0
1
0
1
