-537
4000
-6
5
-21839
20000
617
5000
1257
1250
5513
10000
2613
5000
1581
2000
3111
20000
9639
10000
0
1
0
1
-2919
5000
841
1250
-903
10000
-883
1250
1609
5000
-798
625
706
625
3553
10000
-753
10000
-4787
5000
68
625
-8891
10000
1201
10000
-13663
10000
-4703
10000
277
2500
487
5000
401
10000
-909
2000
-4699
10000
-43
80
-707
2000
4017
5000
3457
10000
-213
10000
2361
10000
0
1
0
1
0
1
0
1
827
80000
-78251
80000
-31457
80000
-163
16000
3053
5000
-1617
2500
-4219
10000
9333
10000
83253
80000
63827
80000
-22993
40000
10481
40000
1723
5000
2691
10000
371
1250
-101
125
331
625
-4619
10000
-2149
5000
-929
1250
1031
10000
-1
1000
2103
5000
-16483
10000
14791
10000
-6177
10000
1851
5000
2373
5000
-13083
10000
-739
1250
-479
10000
-8439
10000
-3243
5000
6691
10000
2219
2500
8559
10000
2793
10000
-2039
5000
31437
40000
-10049
40000
379
20000
-1327
4000
-2681
5000
897
2000
3447
5000
389
250
722
625
4043
10000
3159
5000
437
500
81
200
-4269
10000
-1033
2000
788
625
-4463
10000
9953
10000
-7517
10000
-1543
5000
-1117
5000
8503
10000
-1549
5000
-16159
10000
4261
5000
-5723
10000
-981
2500
-6319
10000
871
2000
567
500
14779
10000
-6693
5000
-93
2000
227
500
-2747
5000
1809
5000
-1013
10000
-1027
5000
79
250
473
1000
5023
10000
633
1250
4303
10000
133
10000
-1243
5000
-1211
2000
3357
5000
-197
250
-71
625
20217
10000
7529
5000
-73
100
-9841
10000
-11567
10000
1193
10000
151
5000
4031
5000
4177
5000
21087
10000
-3457
10000
8987
10000
5581
10000
1391
2500
4791
10000
-9947
10000
2933
10000
-9187
10000
5793
10000
4023
10000
4003
10000
-1873
4000
-233
20000
0
1
0
1
-109
400
-907
10000
-3751
5000
-5133
10000
117
100
9429
10000
-549
10000
-4589
10000
1843
10000
37
10000
-4647
5000
117
200
11401
10000
11
1000
-3431
10000
-109
1250
3589
5000
1039
2000
101
625
7969
5000
-4773
10000
-9557
10000
379
2000
5251
5000
683
1000
413
10000
197
500
-16139
10000
1233
2000
-4463
10000
2811
10000
151
5000
-8273
10000
-941
1250
3651
5000
4357
5000
1263
10000
-5661
10000
-2169
5000
5171
10000
-3377
2500
-2113
1250
-2281
10000
-10393
10000
2213
5000
-3053
5000
-449
1000
2593
5000
1901
5000
281
2500
1593
2500
-6403
10000
-5531
10000
779
5000
-5373
10000
463
1250
-613
1250
-2689
2500
-41
625
5243
10000
701
1000
-3563
10000
-5469
10000
409
2000
1023
5000
-293
5000
891
2500
227
1000
-2869
10000
-4501
10000
20863
10000
-1783
2500
-1523
2500
-5819
10000
781
2000
7199
10000
-9739
10000
-4647
10000
4209
10000
-3197
5000
-6681
10000
16
125
-2813
10000
607
2500
-1973
2500
21
2000
139
1250
-6087
10000
-533
2500
-5633
2500
-3661
5000
-8109
10000
-333
1250
1437
5000
-1001
2500
-883
2000
79
5000
223
400
-11703
10000
-5181
5000
-1243
5000
-1048
625
1851
10000
-1543
2500
-5239
10000
2261
10000
10749
10000
5993
10000
-531
2500
-2787
10000
-10543
10000
9807
10000
3
10000
2351
10000
1613
10000
311
1000
8613
10000
861
2500
1641
5000
-4357
10000
7921
10000
-1383
5000
5701
10000
-10809
10000
-1821
5000
2289
5000
-2591
2500
1347
2500
11381
10000
-162
625
-1029
2500
11
1250
-3067
5000
-4111
10000
4493
10000
1717
5000
0
1
0
1
0
1
0
1
